0.428178 1.3627 1.89952 -2.52265 -4.44635 -6.59094 -2.02733 13.3523 -10.408 -12.2215 10.3199 15.3107 -13.4451 -13.4721 1.81305 
0.428178 1.3627 1.89952 14.2721 -4.44635 -12.1652 -2.02733 13.3523 -10.408 -12.2215 10.3199 15.3107 -13.4451 -13.4721 1.81305 

0.428178 1.3627 1.89952 -0.0239068 -4.44635 -2.15549 -2.02733 13.3523 -10.408 -12.2215 10.3199 15.3107 -13.4451 -13.4721 1.81305 
0.428178 1.3627 1.89952 14.2732 -4.44635 -12.1667 -2.02733 13.3523 -10.408 -12.2215 10.3199 15.3107 -13.4451 -13.4721 1.81305 

0.428178 1.3627 1.89952 18.7021 -4.44635 -4.13136 -2.02733 13.3523 -10.408 -12.2215 10.3199 15.3107 -13.4451 -13.4721 1.81305 
0.428178 1.3627 1.89952 14.2728 -4.44635 -12.1661 -2.02733 13.3523 -10.408 -12.2215 10.3199 15.3107 -13.4451 -13.4721 1.81305 

0.428178 1.3627 1.89952 3.79177 -4.44635 4.20897 -2.02733 13.3523 -10.408 -12.2215 10.3199 15.3107 -13.4451 -13.4721 1.81305 
0.428178 1.3627 1.89952 14.2718 -4.44635 -12.1648 -2.02733 13.3523 -10.408 -12.2215 10.3199 15.3107 -13.4451 -13.4721 1.81305 

0.428178 1.3627 1.89952 5.82282 -4.44635 -19.7742 -2.02733 13.3523 -10.408 -12.2215 10.3199 15.3107 -13.4451 -13.4721 1.81305 
0.428178 1.3627 1.89952 14.2769 -4.44635 -12.1705 -2.02733 13.3523 -10.408 -12.2215 10.3199 15.3107 -13.4451 -13.4721 1.81305 

0.428178 1.3627 1.89952 18.7949 -4.44635 3.80806 -2.02733 13.3523 -10.408 -12.2215 10.3199 15.3107 -13.4451 -13.4721 1.81305 
0.428178 1.3627 1.89952 14.2724 -4.44635 -12.163 -2.02733 13.3523 -10.408 -12.2215 10.3199 15.3107 -13.4451 -13.4721 1.81305 

0.428178 1.3627 1.89952 8.83073 -4.44635 -12.0604 -2.02733 13.3523 -10.408 -12.2215 10.3199 15.3107 -13.4451 -13.4721 1.81305 
0.428178 1.3627 1.89952 14.2714 -4.44635 -12.1631 -2.02733 13.3523 -10.408 -12.2215 10.3199 15.3107 -13.4451 -13.4721 1.81305 

0.428178 1.3627 1.89952 8.31557 -4.44635 -3.08311 -2.02733 13.3523 -10.408 -12.2215 10.3199 15.3107 -13.4451 -13.4721 1.81305 
0.428178 1.3627 1.89952 14.2736 -4.44635 -12.1671 -2.02733 13.3523 -10.408 -12.2215 10.3199 15.3107 -13.4451 -13.4721 1.81305 

0.428178 1.3627 1.89952 18.0718 -4.44635 -12.3811 -2.02733 13.3523 -10.408 -12.2215 10.3199 15.3107 -13.4451 -13.4721 1.81305 
0.428178 1.3627 1.89952 14.2714 -4.44635 -12.1639 -2.02733 13.3523 -10.408 -12.2215 10.3199 15.3107 -13.4451 -13.4721 1.81305 

0.428178 1.3627 1.89952 6.31593 -4.44635 -5.09669 -2.02733 13.3523 -10.408 -12.2215 10.3199 15.3107 -13.4451 -13.4721 1.81305 
0.428178 1.3627 1.89952 14.2744 -4.44635 -12.1679 -2.02733 13.3523 -10.408 -12.2215 10.3199 15.3107 -13.4451 -13.4721 1.81305 

0.428178 1.3627 1.89952 -3.67725 -4.44635 -7.56597 -2.02733 13.3523 -10.408 -12.2215 10.3199 15.3107 -13.4451 -13.4721 1.81305 
0.428178 1.3627 1.89952 14.2767 -4.44635 -12.1702 -2.02733 13.3523 -10.408 -12.2215 10.3199 15.3107 -13.4451 -13.4721 1.81305 

0.428178 1.3627 1.89952 -3.68616 -4.44635 -15.1264 -2.02733 13.3523 -10.408 -12.2215 10.3199 15.3107 -13.4451 -13.4721 1.81305 
0.428178 1.3627 1.89952 14.2829 -4.44635 -12.1733 -2.02733 13.3523 -10.408 -12.2215 10.3199 15.3107 -13.4451 -13.4721 1.81305 

0.428178 1.3627 1.89952 -0.106548 -4.44635 6.49609 -2.02733 13.3523 -10.408 -12.2215 10.3199 15.3107 -13.4451 -13.4721 1.81305 
0.428178 1.3627 1.89952 14.2733 -4.44635 -12.1633 -2.02733 13.3523 -10.408 -12.2215 10.3199 15.3107 -13.4451 -13.4721 1.81305 

0.428178 1.3627 1.89952 12.3152 -4.44635 -7.09531 -2.02733 13.3523 -10.408 -12.2215 10.3199 15.3107 -13.4451 -13.4721 1.81305 
0.428178 1.3627 1.89952 14.2756 -4.44635 -12.1646 -2.02733 13.3523 -10.408 -12.2215 10.3199 15.3107 -13.4451 -13.4721 1.81305 

0.428178 1.3627 1.89952 18.8439 -4.44635 3.41226 -2.02733 13.3523 -10.408 -12.2215 10.3199 15.3107 -13.4451 -13.4721 1.81305 
0.428178 1.3627 1.89952 14.2736 -4.44635 -12.1672 -2.02733 13.3523 -10.408 -12.2215 10.3199 15.3107 -13.4451 -13.4721 1.81305 

0.428178 1.3627 1.89952 16.1282 -4.44635 -9.10154 -2.02733 13.3523 -10.408 -12.2215 10.3199 15.3107 -13.4451 -13.4721 1.81305 
0.428178 1.3627 1.89952 14.2717 -4.44635 -12.163 -2.02733 13.3523 -10.408 -12.2215 10.3199 15.3107 -13.4451 -13.4721 1.81305 

0.428178 1.3627 1.89952 0.882464 -4.44635 -1.02251 -2.02733 13.3523 -10.408 -12.2215 10.3199 15.3107 -13.4451 -13.4721 1.81305 
0.428178 1.3627 1.89952 14.2722 -4.44635 -12.1654 -2.02733 13.3523 -10.408 -12.2215 10.3199 15.3107 -13.4451 -13.4721 1.81305 

0.428178 1.3627 1.89952 -4.35298 -4.44635 -16.3542 -2.02733 13.3523 -10.408 -12.2215 10.3199 15.3107 -13.4451 -13.4721 1.81305 
0.428178 1.3627 1.89952 14.2743 -4.44635 -12.1679 -2.02733 13.3523 -10.408 -12.2215 10.3199 15.3107 -13.4451 -13.4721 1.81305 

0.428178 1.3627 1.89952 15.3885 -4.44635 -18.032 -2.02733 13.3523 -10.408 -12.2215 10.3199 15.3107 -13.4451 -13.4721 1.81305 
0.428178 1.3627 1.89952 14.2774 -4.44635 -12.1661 -2.02733 13.3523 -10.408 -12.2215 10.3199 15.3107 -13.4451 -13.4721 1.81305 

0.428178 1.3627 1.89952 -1.17311 -4.44635 4.12382 -2.02733 13.3523 -10.408 -12.2215 10.3199 15.3107 -13.4451 -13.4721 1.81305 
0.428178 1.3627 1.89952 14.2716 -4.44635 -12.1644 -2.02733 13.3523 -10.408 -12.2215 10.3199 15.3107 -13.4451 -13.4721 1.81305 

0.428178 1.3627 1.89952 13.6515 -4.44635 6.43836 -2.02733 13.3523 -10.408 -12.2215 10.3199 15.3107 -13.4451 -13.4721 1.81305 
0.428178 1.3627 1.89952 14.2745 -4.44635 -12.168 -2.02733 13.3523 -10.408 -12.2215 10.3199 15.3107 -13.4451 -13.4721 1.81305 

0.428178 1.3627 1.89952 12.2142 -4.44635 5.71206 -2.02733 13.3523 -10.408 -12.2215 10.3199 15.3107 -13.4451 -13.4721 1.81305 
0.428178 1.3627 1.89952 14.2729 -4.44635 -12.1663 -2.02733 13.3523 -10.408 -12.2215 10.3199 15.3107 -13.4451 -13.4721 1.81305 

0.428178 1.3627 1.89952 14.0741 -4.44635 -2.09428 -2.02733 13.3523 -10.408 -12.2215 10.3199 15.3107 -13.4451 -13.4721 1.81305 
0.428178 1.3627 1.89952 14.2719 -4.44635 -12.1629 -2.02733 13.3523 -10.408 -12.2215 10.3199 15.3107 -13.4451 -13.4721 1.81305 

0.428178 1.3627 1.89952 2.06708 -4.44635 5.62652 -2.02733 13.3523 -10.408 -12.2215 10.3199 15.3107 -13.4451 -13.4721 1.81305 
0.428178 1.3627 1.89952 14.2762 -4.44635 -12.1698 -2.02733 13.3523 -10.408 -12.2215 10.3199 15.3107 -13.4451 -13.4721 1.81305 

0.428178 1.3627 1.89952 -2.68944 -4.44635 3.87357 -2.02733 13.3523 -10.408 -12.2215 10.3199 15.3107 -13.4451 -13.4721 1.81305 
0.428178 1.3627 1.89952 14.2726 -4.44635 -12.163 -2.02733 13.3523 -10.408 -12.2215 10.3199 15.3107 -13.4451 -13.4721 1.81305 

0.428178 1.3627 1.89952 -2.99325 -4.44635 -16.0623 -2.02733 13.3523 -10.408 -12.2215 10.3199 15.3107 -13.4451 -13.4721 1.81305 
0.428178 1.3627 1.89952 14.2742 -4.44635 -12.1677 -2.02733 13.3523 -10.408 -12.2215 10.3199 15.3107 -13.4451 -13.4721 1.81305 

0.428178 1.3627 1.89952 3.7723 -4.44635 2.4728 -2.02733 13.3523 -10.408 -12.2215 10.3199 15.3107 -13.4451 -13.4721 1.81305 
0.428178 1.3627 1.89952 14.2786 -4.44635 -12.1719 -2.02733 13.3523 -10.408 -12.2215 10.3199 15.3107 -13.4451 -13.4721 1.81305 

0.428178 1.3627 1.89952 -2.07434 -4.44635 -3.87729 -2.02733 13.3523 -10.408 -12.2215 10.3199 15.3107 -13.4451 -13.4721 1.81305 
0.428178 1.3627 1.89952 14.274 -4.44635 -12.1636 -2.02733 13.3523 -10.408 -12.2215 10.3199 15.3107 -13.4451 -13.4721 1.81305 

0.428178 1.3627 1.89952 -1.92589 -4.44635 -13.2112 -2.02733 13.3523 -10.408 -12.2215 10.3199 15.3107 -13.4451 -13.4721 1.81305 
0.428178 1.3627 1.89952 14.2747 -4.44635 -12.1682 -2.02733 13.3523 -10.408 -12.2215 10.3199 15.3107 -13.4451 -13.4721 1.81305 

0.428178 1.3627 1.89952 12.9852 -4.44635 -2.21208 -2.02733 13.3523 -10.408 -12.2215 10.3199 15.3107 -13.4451 -13.4721 1.81305 
0.428178 1.3627 1.89952 14.2713 -4.44635 -12.1634 -2.02733 13.3523 -10.408 -12.2215 10.3199 15.3107 -13.4451 -13.4721 1.81305 

0.428178 1.3627 1.89952 18.2307 -4.44635 5.05038 -2.02733 13.3523 -10.408 -12.2215 10.3199 15.3107 -13.4451 -13.4721 1.81305 
0.428178 1.3627 1.89952 14.2726 -4.44635 -12.163 -2.02733 13.3523 -10.408 -12.2215 10.3199 15.3107 -13.4451 -13.4721 1.81305 

0.428178 1.3627 1.89952 -2.67561 -4.44635 3.63727 -2.02733 13.3523 -10.408 -12.2215 10.3199 15.3107 -13.4451 -13.4721 1.81305 
0.428178 1.3627 1.89952 14.2826 -4.44635 -12.1725 -2.02733 13.3523 -10.408 -12.2215 10.3199 15.3107 -13.4451 -13.4721 1.81305 

0.428178 1.3627 1.89952 -1.73239 -4.44635 7.8744 -2.02733 13.3523 -10.408 -12.2215 10.3199 15.3107 -13.4451 -13.4721 1.81305 
0.428178 1.3627 1.89952 14.2713 -4.44635 -12.1636 -2.02733 13.3523 -10.408 -12.2215 10.3199 15.3107 -13.4451 -13.4721 1.81305 

0.428178 1.3627 1.89952 10.3193 -4.44635 -15.7853 -2.02733 13.3523 -10.408 -12.2215 10.3199 15.3107 -13.4451 -13.4721 1.81305 
0.428178 1.3627 1.89952 14.2744 -4.44635 -12.168 -2.02733 13.3523 -10.408 -12.2215 10.3199 15.3107 -13.4451 -13.4721 1.81305 

0.428178 1.3627 1.89952 15.1343 -4.44635 5.34685 -2.02733 13.3523 -10.408 -12.2215 10.3199 15.3107 -13.4451 -13.4721 1.81305 
0.428178 1.3627 1.89952 14.2795 -4.44635 -12.1724 -2.02733 13.3523 -10.408 -12.2215 10.3199 15.3107 -13.4451 -13.4721 1.81305 

0.428178 1.3627 1.89952 12.0843 -4.44635 0.496274 -2.02733 13.3523 -10.408 -12.2215 10.3199 15.3107 -13.4451 -13.4721 1.81305 
0.428178 1.3627 1.89952 14.2769 -4.44635 -12.1704 -2.02733 13.3523 -10.408 -12.2215 10.3199 15.3107 -13.4451 -13.4721 1.81305 

0.428178 1.3627 1.89952 3.67216 -4.44635 6.79272 -2.02733 13.3523 -10.408 -12.2215 10.3199 15.3107 -13.4451 -13.4721 1.81305 
0.428178 1.3627 1.89952 14.2743 -4.44635 -12.1679 -2.02733 13.3523 -10.408 -12.2215 10.3199 15.3107 -13.4451 -13.4721 1.81305 

0.428178 1.3627 1.89952 -0.0726832 -4.44635 6.642 -2.02733 13.3523 -10.408 -12.2215 10.3199 15.3107 -13.4451 -13.4721 1.81305 
0.428178 1.3627 1.89952 14.2731 -4.44635 -12.1632 -2.02733 13.3523 -10.408 -12.2215 10.3199 15.3107 -13.4451 -13.4721 1.81305 

0.428178 1.3627 1.89952 -3.37811 -4.44635 -2.06776 -2.02733 13.3523 -10.408 -12.2215 10.3199 15.3107 -13.4451 -13.4721 1.81305 
0.428178 1.3627 1.89952 14.2713 -4.44635 -12.1636 -2.02733 13.3523 -10.408 -12.2215 10.3199 15.3107 -13.4451 -13.4721 1.81305 

0.428178 1.3627 1.89952 15.8378 -4.44635 8.88749 -2.02733 13.3523 -10.408 -12.2215 10.3199 15.3107 -13.4451 -13.4721 1.81305 
0.428178 1.3627 1.89952 14.2772 -4.44635 -12.1707 -2.02733 13.3523 -10.408 -12.2215 10.3199 15.3107 -13.4451 -13.4721 1.81305 

0.428178 1.3627 1.89952 1.09278 -4.44635 7.15649 -2.02733 13.3523 -10.408 -12.2215 10.3199 15.3107 -13.4451 -13.4721 1.81305 
0.428178 1.3627 1.89952 14.2765 -4.44635 -12.17 -2.02733 13.3523 -10.408 -12.2215 10.3199 15.3107 -13.4451 -13.4721 1.81305 

0.428178 1.3627 1.89952 2.50948 -4.44635 2.89576 -2.02733 13.3523 -10.408 -12.2215 10.3199 15.3107 -13.4451 -13.4721 1.81305 
0.428178 1.3627 1.89952 14.2772 -4.44635 -12.1707 -2.02733 13.3523 -10.408 -12.2215 10.3199 15.3107 -13.4451 -13.4721 1.81305 

0.428178 1.3627 1.89952 1.96107 -4.44635 -14.0253 -2.02733 13.3523 -10.408 -12.2215 10.3199 15.3107 -13.4451 -13.4721 1.81305 
0.428178 1.3627 1.89952 14.2718 -4.44635 -12.1647 -2.02733 13.3523 -10.408 -12.2215 10.3199 15.3107 -13.4451 -13.4721 1.81305 

0.428178 1.3627 1.89952 19.0154 -4.44635 -4.93179 -2.02733 13.3523 -10.408 -12.2215 10.3199 15.3107 -13.4451 -13.4721 1.81305 
0.428178 1.3627 1.89952 14.2719 -4.44635 -12.165 -2.02733 13.3523 -10.408 -12.2215 10.3199 15.3107 -13.4451 -13.4721 1.81305 

0.428178 1.3627 1.89952 6.45393 -4.44635 -7.94512 -2.02733 13.3523 -10.408 -12.2215 10.3199 15.3107 -13.4451 -13.4721 1.81305 
0.428178 1.3627 1.89952 14.2764 -4.44635 -12.17 -2.02733 13.3523 -10.408 -12.2215 10.3199 15.3107 -13.4451 -13.4721 1.81305 

0.428178 1.3627 1.89952 -2.82105 -4.44635 -18.4839 -2.02733 13.3523 -10.408 -12.2215 10.3199 15.3107 -13.4451 -13.4721 1.81305 
0.428178 1.3627 1.89952 14.2745 -4.44635 -12.1681 -2.02733 13.3523 -10.408 -12.2215 10.3199 15.3107 -13.4451 -13.4721 1.81305 

0.428178 1.3627 1.89952 -4.70406 -4.44635 1.11457 -2.02733 13.3523 -10.408 -12.2215 10.3199 15.3107 -13.4451 -13.4721 1.81305 
0.428178 1.3627 1.89952 14.2805 -4.44635 -12.1699 -2.02733 13.3523 -10.408 -12.2215 10.3199 15.3107 -13.4451 -13.4721 1.81305 

0.428178 1.3627 1.89952 18.883 -4.44635 3.67782 -2.02733 13.3523 -10.408 -12.2215 10.3199 15.3107 -13.4451 -13.4721 1.81305 
0.428178 1.3627 1.89952 14.2793 -4.44635 -12.1683 -2.02733 13.3523 -10.408 -12.2215 10.3199 15.3107 -13.4451 -13.4721 1.81305 

0.428178 1.3627 1.89952 -3.16399 -4.44635 -12.5682 -2.02733 13.3523 -10.408 -12.2215 10.3199 15.3107 -13.4451 -13.4721 1.81305 
0.428178 1.3627 1.89952 14.2714 -4.44635 -12.1632 -2.02733 13.3523 -10.408 -12.2215 10.3199 15.3107 -13.4451 -13.4721 1.81305 

0.428178 1.3627 1.89952 5.60646 -4.44635 -4.69963 -2.02733 13.3523 -10.408 -12.2215 10.3199 15.3107 -13.4451 -13.4721 1.81305 
0.428178 1.3627 1.89952 14.2715 -4.44635 -12.163 -2.02733 13.3523 -10.408 -12.2215 10.3199 15.3107 -13.4451 -13.4721 1.81305 

