0 0.441595 0.00883191 0.00390013
1.29181 0.632459 0.973799 -1.8114 -3.08077 -12.2443 12.7485 0.290369 13.1702 2.54818 1.21117 9.95297 -15.7653 10.5074 -1.93142
1 0.441595 0.0128319 0.00421987
1.29181 0.632459 0.973799 -1.8114 -3.08077 -12.2443 12.7485 0.290369 13.1702 2.54818 1.21117 9.95297 -15.7653 10.5074 -1.93142
2 0.441595 0.0254213 0.00830892
1.29181 0.632459 0.973799 -1.8114 -3.08077 -12.2443 12.7485 0.290369 13.1702 2.54818 1.21117 9.95297 -15.7653 10.5074 -1.93142
3 0.441595 0.039205 0.0126119
1.29181 0.632459 0.973799 -1.8114 -3.08077 -12.2443 12.7485 0.290369 13.1702 2.54818 1.21117 9.95297 -15.7653 10.5074 -1.93142
4 0.47096 0.0785972 0.0251073
1.3043 0.569968 1.21525 -1.38466 -6.60441 -12.3303 14.2872 0.177589 14.4884 2.95818 0.310192 12.2017 -16 8.02618 -0.323229
5 0.47096 0.0978925 0.0331431
1.3043 0.569968 1.21525 -1.38466 -6.60441 -12.3303 14.2872 0.177589 14.4884 2.95818 0.310192 12.2017 -16 8.02618 -0.323229
6 0.47096 0.114749 0.0368014
1.3043 0.569968 1.21525 -1.38466 -6.60441 -12.3303 14.2872 0.177589 14.4884 2.95818 0.310192 12.2017 -16 8.02618 -0.323229
7 0.50085 0.126077 0.0383061
1.2353 0.489723 1.30273 -0.871322 -6.2827 -15.0676 15.2403 1.35018 13.4873 1.72053 1.35979 12.9675 -15.7517 9.88028 0.57492
8 0.50085 0.156762 0.0440379
1.2353 0.489723 1.30273 -0.871322 -6.2827 -15.0676 15.2403 1.35018 13.4873 1.72053 1.35979 12.9675 -15.7517 9.88028 0.57492
9 0.50085 0.1649 0.0467609
1.2353 0.489723 1.30273 -0.871322 -6.2827 -15.0676 15.2403 1.35018 13.4873 1.72053 1.35979 12.9675 -15.7517 9.88028 0.57492
10 0.516537 0.166749 0.0508419
1.24726 0.433101 1.30192 0.232443 -5.76449 -16 16 1.5827 13.7136 1.03401 2.09479 12.4095 -15.4023 10.6143 1.29081
11 0.516537 0.183915 0.0506717
1.24726 0.433101 1.30192 0.232443 -5.76449 -16 16 1.5827 13.7136 1.03401 2.09479 12.4095 -15.4023 10.6143 1.29081
12 0.516537 0.189852 0.0507106
1.24726 0.433101 1.30192 0.232443 -5.76449 -16 16 1.5827 13.7136 1.03401 2.09479 12.4095 -15.4023 10.6143 1.29081
13 0.516537 0.164296 0.0504412
1.24726 0.433101 1.30192 0.232443 -5.76449 -16 16 1.5827 13.7136 1.03401 2.09479 12.4095 -15.4023 10.6143 1.29081
14 0.516537 0.181095 0.0512367
1.24726 0.433101 1.30192 0.232443 -5.76449 -16 16 1.5827 13.7136 1.03401 2.09479 12.4095 -15.4023 10.6143 1.29081
15 0.516537 0.205755 0.0527125
1.24726 0.433101 1.30192 0.232443 -5.76449 -16 16 1.5827 13.7136 1.03401 2.09479 12.4095 -15.4023 10.6143 1.29081
16 0.516537 0.179883 0.0494497
1.24726 0.433101 1.30192 0.232443 -5.76449 -16 16 1.5827 13.7136 1.03401 2.09479 12.4095 -15.4023 10.6143 1.29081
17 0.524426 0.190347 0.049202
1.20746 0.514217 1.34255 -0.901895 -7.47959 -15.7672 15.401 1.25359 14.8671 2.8703 1.50853 11.4351 -15.5768 10.7356 0.15542
18 0.524426 0.198495 0.0482737
1.20746 0.514217 1.34255 -0.901895 -7.47959 -15.7672 15.401 1.25359 14.8671 2.8703 1.50853 11.4351 -15.5768 10.7356 0.15542
19 0.524426 0.216315 0.0550093
1.20746 0.514217 1.34255 -0.901895 -7.47959 -15.7672 15.401 1.25359 14.8671 2.8703 1.50853 11.4351 -15.5768 10.7356 0.15542
20 0.524426 0.143778 0.0397908
1.20746 0.514217 1.34255 -0.901895 -7.47959 -15.7672 15.401 1.25359 14.8671 2.8703 1.50853 11.4351 -15.5768 10.7356 0.15542
21 0.524426 0.160386 0.0465398
1.20746 0.514217 1.34255 -0.901895 -7.47959 -15.7672 15.401 1.25359 14.8671 2.8703 1.50853 11.4351 -15.5768 10.7356 0.15542
22 0.524426 0.176805 0.0507632
1.20746 0.514217 1.34255 -0.901895 -7.47959 -15.7672 15.401 1.25359 14.8671 2.8703 1.50853 11.4351 -15.5768 10.7356 0.15542
23 0.524426 0.183057 0.054339
1.20746 0.514217 1.34255 -0.901895 -7.47959 -15.7672 15.401 1.25359 14.8671 2.8703 1.50853 11.4351 -15.5768 10.7356 0.15542
24 0.52786 0.143592 0.0459292
1.20543 0.514129 1.34173 -0.841846 -7.43937 -15.7779 15.4231 1.28175 14.8549 2.82184 1.42288 11.5013 -15.525 10.7778 0.128921
25 0.52786 0.142721 0.0470821
1.20543 0.514129 1.34173 -0.841846 -7.43937 -15.7779 15.4231 1.28175 14.8549 2.82184 1.42288 11.5013 -15.525 10.7778 0.128921
26 0.52786 0.153317 0.0486109
1.20543 0.514129 1.34173 -0.841846 -7.43937 -15.7779 15.4231 1.28175 14.8549 2.82184 1.42288 11.5013 -15.525 10.7778 0.128921
27 0.52786 0.165003 0.0505171
1.20543 0.514129 1.34173 -0.841846 -7.43937 -15.7779 15.4231 1.28175 14.8549 2.82184 1.42288 11.5013 -15.525 10.7778 0.128921
28 0.52786 0.168412 0.0470017
1.20543 0.514129 1.34173 -0.841846 -7.43937 -15.7779 15.4231 1.28175 14.8549 2.82184 1.42288 11.5013 -15.525 10.7778 0.128921
29 0.52786 0.155339 0.0482425
1.20543 0.514129 1.34173 -0.841846 -7.43937 -15.7779 15.4231 1.28175 14.8549 2.82184 1.42288 11.5013 -15.525 10.7778 0.128921
30 0.52786 0.139246 0.0466488
1.20543 0.514129 1.34173 -0.841846 -7.43937 -15.7779 15.4231 1.28175 14.8549 2.82184 1.42288 11.5013 -15.525 10.7778 0.128921
31 0.543993 0.158277 0.0476665
1.19142 0.518485 1.3136 -0.330816 -7.66305 -15.3994 15.7925 0.810045 14.6668 3.02666 0.890891 11.1601 -15.9168 11.2721 -0.3114
32 0.543993 0.177785 0.0544849
1.19142 0.518485 1.3136 -0.330816 -7.66305 -15.3994 15.7925 0.810045 14.6668 3.02666 0.890891 11.1601 -15.9168 11.2721 -0.3114
33 0.543993 0.132735 0.0435956
1.19142 0.518485 1.3136 -0.330816 -7.66305 -15.3994 15.7925 0.810045 14.6668 3.02666 0.890891 11.1601 -15.9168 11.2721 -0.3114
34 0.543993 0.186391 0.054311
1.19142 0.518485 1.3136 -0.330816 -7.66305 -15.3994 15.7925 0.810045 14.6668 3.02666 0.890891 11.1601 -15.9168 11.2721 -0.3114
35 0.543993 0.188563 0.0503723
1.19142 0.518485 1.3136 -0.330816 -7.66305 -15.3994 15.7925 0.810045 14.6668 3.02666 0.890891 11.1601 -15.9168 11.2721 -0.3114
36 0.543993 0.196748 0.0579408
1.19142 0.518485 1.3136 -0.330816 -7.66305 -15.3994 15.7925 0.810045 14.6668 3.02666 0.890891 11.1601 -15.9168 11.2721 -0.3114
37 0.543993 0.169291 0.0523938
1.19142 0.518485 1.3136 -0.330816 -7.66305 -15.3994 15.7925 0.810045 14.6668 3.02666 0.890891 11.1601 -15.9168 11.2721 -0.3114
38 0.543993 0.190139 0.050715
1.19142 0.518485 1.3136 -0.330816 -7.66305 -15.3994 15.7925 0.810045 14.6668 3.02666 0.890891 11.1601 -15.9168 11.2721 -0.3114
39 0.543993 0.192414 0.0536055
1.19142 0.518485 1.3136 -0.330816 -7.66305 -15.3994 15.7925 0.810045 14.6668 3.02666 0.890891 11.1601 -15.9168 11.2721 -0.3114
40 0.544063 0.206304 0.0568585
0.972699 0.655449 1.2747 -1.23584 -9.40366 -15.1485 16 -0.11358 14.3118 3.21296 6.25417 9.39649 -16 11.2921 2.07274
41 0.545201 0.190492 0.0568257
1.18906 0.512946 1.31631 -0.366771 -7.76481 -15.3568 15.8552 0.863824 14.7825 2.81074 0.774641 11.2594 -16 11.1436 -0.30557
42 0.545201 0.170407 0.0525272
1.18906 0.512946 1.31631 -0.366771 -7.76481 -15.3568 15.8552 0.863824 14.7825 2.81074 0.774641 11.2594 -16 11.1436 -0.30557
43 0.545201 0.221441 0.0567227
1.18906 0.512946 1.31631 -0.366771 -7.76481 -15.3568 15.8552 0.863824 14.7825 2.81074 0.774641 11.2594 -16 11.1436 -0.30557
44 0.55678 0.214085 0.056481
0.963104 0.667573 1.28542 -1.05832 -9.36093 -15.349 16 -0.0370717 14.2705 3.2863 6.38269 9.43668 -15.7318 11.8194 2.13843
45 0.55678 0.132303 0.0458096
0.963104 0.667573 1.28542 -1.05832 -9.36093 -15.349 16 -0.0370717 14.2705 3.2863 6.38269 9.43668 -15.7318 11.8194 2.13843
46 0.55678 0.141181 0.0493255
0.963104 0.667573 1.28542 -1.05832 -9.36093 -15.349 16 -0.0370717 14.2705 3.2863 6.38269 9.43668 -15.7318 11.8194 2.13843
47 0.55678 0.149577 0.055139
0.963104 0.667573 1.28542 -1.05832 -9.36093 -15.349 16 -0.0370717 14.2705 3.2863 6.38269 9.43668 -15.7318 11.8194 2.13843
48 0.55678 0.17439 0.0535581
0.963104 0.667573 1.28542 -1.05832 -9.36093 -15.349 16 -0.0370717 14.2705 3.2863 6.38269 9.43668 -15.7318 11.8194 2.13843
49 0.55678 0.18936 0.0570152
0.963104 0.667573 1.28542 -1.05832 -9.36093 -15.349 16 -0.0370717 14.2705 3.2863 6.38269 9.43668 -15.7318 11.8194 2.13843
50 0.55678 0.122065 0.0449125
0.963104 0.667573 1.28542 -1.05832 -9.36093 -15.349 16 -0.0370717 14.2705 3.2863 6.38269 9.43668 -15.7318 11.8194 2.13843
51 0.55678 0.157897 0.0510352
0.963104 0.667573 1.28542 -1.05832 -9.36093 -15.349 16 -0.0370717 14.2705 3.2863 6.38269 9.43668 -15.7318 11.8194 2.13843
52 0.557735 0.145241 0.0505505
0.963175 0.667117 1.28521 -1.06 -9.36013 -15.3331 16 -0.0226602 14.2732 3.28878 6.39171 9.43291 -15.7399 11.8259 2.14255
53 0.557735 0.124708 0.042148
0.963175 0.667117 1.28521 -1.06 -9.36013 -15.3331 16 -0.0226602 14.2732 3.28878 6.39171 9.43291 -15.7399 11.8259 2.14255
54 0.557735 0.120826 0.0435456
0.963175 0.667117 1.28521 -1.06 -9.36013 -15.3331 16 -0.0226602 14.2732 3.28878 6.39171 9.43291 -15.7399 11.8259 2.14255
55 0.557735 0.118236 0.0419278
0.963175 0.667117 1.28521 -1.06 -9.36013 -15.3331 16 -0.0226602 14.2732 3.28878 6.39171 9.43291 -15.7399 11.8259 2.14255
56 0.557735 0.119392 0.0462713
0.963175 0.667117 1.28521 -1.06 -9.36013 -15.3331 16 -0.0226602 14.2732 3.28878 6.39171 9.43291 -15.7399 11.8259 2.14255
57 0.557735 0.102075 0.0414329
0.963175 0.667117 1.28521 -1.06 -9.36013 -15.3331 16 -0.0226602 14.2732 3.28878 6.39171 9.43291 -15.7399 11.8259 2.14255
58 0.557735 0.15728 0.0548392
0.963175 0.667117 1.28521 -1.06 -9.36013 -15.3331 16 -0.0226602 14.2732 3.28878 6.39171 9.43291 -15.7399 11.8259 2.14255
59 0.557735 0.171771 0.0573966
0.963175 0.667117 1.28521 -1.06 -9.36013 -15.3331 16 -0.0226602 14.2732 3.28878 6.39171 9.43291 -15.7399 11.8259 2.14255
60 0.557735 0.127935 0.0469325
0.963175 0.667117 1.28521 -1.06 -9.36013 -15.3331 16 -0.0226602 14.2732 3.28878 6.39171 9.43291 -15.7399 11.8259 2.14255
61 0.557735 0.153366 0.0531185
0.963175 0.667117 1.28521 -1.06 -9.36013 -15.3331 16 -0.0226602 14.2732 3.28878 6.39171 9.43291 -15.7399 11.8259 2.14255
62 0.557735 0.163401 0.0566677
0.963175 0.667117 1.28521 -1.06 -9.36013 -15.3331 16 -0.0226602 14.2732 3.28878 6.39171 9.43291 -15.7399 11.8259 2.14255
63 0.557735 0.176278 0.0571015
0.963175 0.667117 1.28521 -1.06 -9.36013 -15.3331 16 -0.0226602 14.2732 3.28878 6.39171 9.43291 -15.7399 11.8259 2.14255
64 0.557735 0.169633 0.0546372
0.963175 0.667117 1.28521 -1.06 -9.36013 -15.3331 16 -0.0226602 14.2732 3.28878 6.39171 9.43291 -15.7399 11.8259 2.14255
65 0.557735 0.149466 0.053533
0.963175 0.667117 1.28521 -1.06 -9.36013 -15.3331 16 -0.0226602 14.2732 3.28878 6.39171 9.43291 -15.7399 11.8259 2.14255
66 0.557735 0.15517 0.0535256
0.963175 0.667117 1.28521 -1.06 -9.36013 -15.3331 16 -0.0226602 14.2732 3.28878 6.39171 9.43291 -15.7399 11.8259 2.14255
67 0.557735 0.137028 0.0478609
0.963175 0.667117 1.28521 -1.06 -9.36013 -15.3331 16 -0.0226602 14.2732 3.28878 6.39171 9.43291 -15.7399 11.8259 2.14255
68 0.557735 0.122173 0.0464385
0.963175 0.667117 1.28521 -1.06 -9.36013 -15.3331 16 -0.0226602 14.2732 3.28878 6.39171 9.43291 -15.7399 11.8259 2.14255
69 0.557735 0.123317 0.0482538
0.963175 0.667117 1.28521 -1.06 -9.36013 -15.3331 16 -0.0226602 14.2732 3.28878 6.39171 9.43291 -15.7399 11.8259 2.14255
70 0.557735 0.110302 0.0432164
0.963175 0.667117 1.28521 -1.06 -9.36013 -15.3331 16 -0.0226602 14.2732 3.28878 6.39171 9.43291 -15.7399 11.8259 2.14255
71 0.557735 0.157675 0.0567843
0.963175 0.667117 1.28521 -1.06 -9.36013 -15.3331 16 -0.0226602 14.2732 3.28878 6.39171 9.43291 -15.7399 11.8259 2.14255
72 0.557735 0.14013 0.0515142
0.963175 0.667117 1.28521 -1.06 -9.36013 -15.3331 16 -0.0226602 14.2732 3.28878 6.39171 9.43291 -15.7399 11.8259 2.14255
73 0.557735 0.104012 0.0371124
0.963175 0.667117 1.28521 -1.06 -9.36013 -15.3331 16 -0.0226602 14.2732 3.28878 6.39171 9.43291 -15.7399 11.8259 2.14255
74 0.557735 0.135479 0.0445025
0.963175 0.667117 1.28521 -1.06 -9.36013 -15.3331 16 -0.0226602 14.2732 3.28878 6.39171 9.43291 -15.7399 11.8259 2.14255
75 0.557735 0.123286 0.0442911
0.963175 0.667117 1.28521 -1.06 -9.36013 -15.3331 16 -0.0226602 14.2732 3.28878 6.39171 9.43291 -15.7399 11.8259 2.14255
76 0.557735 0.131626 0.0502624
0.963175 0.667117 1.28521 -1.06 -9.36013 -15.3331 16 -0.0226602 14.2732 3.28878 6.39171 9.43291 -15.7399 11.8259 2.14255
77 0.557735 0.166086 0.0541587
0.963175 0.667117 1.28521 -1.06 -9.36013 -15.3331 16 -0.0226602 14.2732 3.28878 6.39171 9.43291 -15.7399 11.8259 2.14255
78 0.557735 0.132254 0.0464201
0.963175 0.667117 1.28521 -1.06 -9.36013 -15.3331 16 -0.0226602 14.2732 3.28878 6.39171 9.43291 -15.7399 11.8259 2.14255
79 0.557735 0.128274 0.0490534
0.963175 0.667117 1.28521 -1.06 -9.36013 -15.3331 16 -0.0226602 14.2732 3.28878 6.39171 9.43291 -15.7399 11.8259 2.14255
80 0.557735 0.10882 0.0464722
0.963175 0.667117 1.28521 -1.06 -9.36013 -15.3331 16 -0.0226602 14.2732 3.28878 6.39171 9.43291 -15.7399 11.8259 2.14255
81 0.558405 0.112841 0.0451191
0.962431 0.668904 1.28538 -1.11168 -9.36855 -15.2826 15.9521 -0.0520511 14.2701 3.24338 6.41115 9.45968 -15.6671 11.8637 2.10468
82 0.564796 0.115416 0.044678
0.967557 0.64526 1.33331 -1.40795 -9.44759 -15.2806 14.3699 -0.444013 14.3951 3.2222 7.77284 9.5476 -16 11.7264 2.23088
83 0.564796 0.139852 0.0500674
0.967557 0.64526 1.33331 -1.40795 -9.44759 -15.2806 14.3699 -0.444013 14.3951 3.2222 7.77284 9.5476 -16 11.7264 2.23088
84 0.564796 0.134768 0.0463992
0.967557 0.64526 1.33331 -1.40795 -9.44759 -15.2806 14.3699 -0.444013 14.3951 3.2222 7.77284 9.5476 -16 11.7264 2.23088
85 0.564796 0.118571 0.0440026
0.967557 0.64526 1.33331 -1.40795 -9.44759 -15.2806 14.3699 -0.444013 14.3951 3.2222 7.77284 9.5476 -16 11.7264 2.23088
86 0.564796 0.163478 0.0510773
0.967557 0.64526 1.33331 -1.40795 -9.44759 -15.2806 14.3699 -0.444013 14.3951 3.2222 7.77284 9.5476 -16 11.7264 2.23088
87 0.564796 0.159484 0.0487394
0.967557 0.64526 1.33331 -1.40795 -9.44759 -15.2806 14.3699 -0.444013 14.3951 3.2222 7.77284 9.5476 -16 11.7264 2.23088
88 0.564796 0.120201 0.042518
0.967557 0.64526 1.33331 -1.40795 -9.44759 -15.2806 14.3699 -0.444013 14.3951 3.2222 7.77284 9.5476 -16 11.7264 2.23088
89 0.564796 0.128373 0.0470629
0.967557 0.64526 1.33331 -1.40795 -9.44759 -15.2806 14.3699 -0.444013 14.3951 3.2222 7.77284 9.5476 -16 11.7264 2.23088
90 0.564796 0.135237 0.0492689
0.967557 0.64526 1.33331 -1.40795 -9.44759 -15.2806 14.3699 -0.444013 14.3951 3.2222 7.77284 9.5476 -16 11.7264 2.23088
91 0.564796 0.132226 0.04746
0.967557 0.64526 1.33331 -1.40795 -9.44759 -15.2806 14.3699 -0.444013 14.3951 3.2222 7.77284 9.5476 -16 11.7264 2.23088
92 0.564796 0.117988 0.0426899
0.967557 0.64526 1.33331 -1.40795 -9.44759 -15.2806 14.3699 -0.444013 14.3951 3.2222 7.77284 9.5476 -16 11.7264 2.23088
93 0.564796 0.106847 0.0415378
0.967557 0.64526 1.33331 -1.40795 -9.44759 -15.2806 14.3699 -0.444013 14.3951 3.2222 7.77284 9.5476 -16 11.7264 2.23088
94 0.564796 0.0879911 0.038684
0.967557 0.64526 1.33331 -1.40795 -9.44759 -15.2806 14.3699 -0.444013 14.3951 3.2222 7.77284 9.5476 -16 11.7264 2.23088
95 0.564796 0.142471 0.0510101
0.967557 0.64526 1.33331 -1.40795 -9.44759 -15.2806 14.3699 -0.444013 14.3951 3.2222 7.77284 9.5476 -16 11.7264 2.23088
96 0.564796 0.148148 0.0494496
0.967557 0.64526 1.33331 -1.40795 -9.44759 -15.2806 14.3699 -0.444013 14.3951 3.2222 7.77284 9.5476 -16 11.7264 2.23088
97 0.564796 0.131651 0.0487564
0.967557 0.64526 1.33331 -1.40795 -9.44759 -15.2806 14.3699 -0.444013 14.3951 3.2222 7.77284 9.5476 -16 11.7264 2.23088
98 0.564796 0.110055 0.0414626
0.967557 0.64526 1.33331 -1.40795 -9.44759 -15.2806 14.3699 -0.444013 14.3951 3.2222 7.77284 9.5476 -16 11.7264 2.23088
99 0.564796 0.118678 0.0457263
0.967557 0.64526 1.33331 -1.40795 -9.44759 -15.2806 14.3699 -0.444013 14.3951 3.2222 7.77284 9.5476 -16 11.7264 2.23088
100 0.564796 0.136644 0.0444592
0.967557 0.64526 1.33331 -1.40795 -9.44759 -15.2806 14.3699 -0.444013 14.3951 3.2222 7.77284 9.5476 -16 11.7264 2.23088
101 0.564796 0.140636 0.0513178
0.967557 0.64526 1.33331 -1.40795 -9.44759 -15.2806 14.3699 -0.444013 14.3951 3.2222 7.77284 9.5476 -16 11.7264 2.23088
102 0.564796 0.130326 0.0434924
0.967557 0.64526 1.33331 -1.40795 -9.44759 -15.2806 14.3699 -0.444013 14.3951 3.2222 7.77284 9.5476 -16 11.7264 2.23088
103 0.564796 0.138319 0.0476725
0.967557 0.64526 1.33331 -1.40795 -9.44759 -15.2806 14.3699 -0.444013 14.3951 3.2222 7.77284 9.5476 -16 11.7264 2.23088
104 0.564796 0.131613 0.0441888
0.967557 0.64526 1.33331 -1.40795 -9.44759 -15.2806 14.3699 -0.444013 14.3951 3.2222 7.77284 9.5476 -16 11.7264 2.23088
105 0.564796 0.108498 0.0380957
0.967557 0.64526 1.33331 -1.40795 -9.44759 -15.2806 14.3699 -0.444013 14.3951 3.2222 7.77284 9.5476 -16 11.7264 2.23088
106 0.564796 0.0987305 0.03577
0.967557 0.64526 1.33331 -1.40795 -9.44759 -15.2806 14.3699 -0.444013 14.3951 3.2222 7.77284 9.5476 -16 11.7264 2.23088
107 0.566197 0.107348 0.0400626
0.976282 0.703077 1.27972 -0.437081 -9.44054 -14.9949 15.4025 -0.341337 14.0622 3.75245 6.59574 10.5068 -15.9852 11.4883 1.55282
108 0.566197 0.140878 0.0485154
0.976282 0.703077 1.27972 -0.437081 -9.44054 -14.9949 15.4025 -0.341337 14.0622 3.75245 6.59574 10.5068 -15.9852 11.4883 1.55282
109 0.566197 0.128479 0.0450994
0.976282 0.703077 1.27972 -0.437081 -9.44054 -14.9949 15.4025 -0.341337 14.0622 3.75245 6.59574 10.5068 -15.9852 11.4883 1.55282
110 0.566197 0.119098 0.0428282
0.976282 0.703077 1.27972 -0.437081 -9.44054 -14.9949 15.4025 -0.341337 14.0622 3.75245 6.59574 10.5068 -15.9852 11.4883 1.55282
111 0.566197 0.131833 0.0441019
0.976282 0.703077 1.27972 -0.437081 -9.44054 -14.9949 15.4025 -0.341337 14.0622 3.75245 6.59574 10.5068 -15.9852 11.4883 1.55282
112 0.566197 0.117435 0.0386572
0.976282 0.703077 1.27972 -0.437081 -9.44054 -14.9949 15.4025 -0.341337 14.0622 3.75245 6.59574 10.5068 -15.9852 11.4883 1.55282
113 0.566197 0.117838 0.0448549
0.976282 0.703077 1.27972 -0.437081 -9.44054 -14.9949 15.4025 -0.341337 14.0622 3.75245 6.59574 10.5068 -15.9852 11.4883 1.55282
114 0.566197 0.122963 0.0436697
0.976282 0.703077 1.27972 -0.437081 -9.44054 -14.9949 15.4025 -0.341337 14.0622 3.75245 6.59574 10.5068 -15.9852 11.4883 1.55282
115 0.566197 0.115817 0.0418137
0.976282 0.703077 1.27972 -0.437081 -9.44054 -14.9949 15.4025 -0.341337 14.0622 3.75245 6.59574 10.5068 -15.9852 11.4883 1.55282
116 0.566197 0.131568 0.0475128
0.976282 0.703077 1.27972 -0.437081 -9.44054 -14.9949 15.4025 -0.341337 14.0622 3.75245 6.59574 10.5068 -15.9852 11.4883 1.55282
117 0.566197 0.138803 0.0463079
0.976282 0.703077 1.27972 -0.437081 -9.44054 -14.9949 15.4025 -0.341337 14.0622 3.75245 6.59574 10.5068 -15.9852 11.4883 1.55282
118 0.566197 0.148624 0.0499222
0.976282 0.703077 1.27972 -0.437081 -9.44054 -14.9949 15.4025 -0.341337 14.0622 3.75245 6.59574 10.5068 -15.9852 11.4883 1.55282
119 0.566197 0.151444 0.053742
0.976282 0.703077 1.27972 -0.437081 -9.44054 -14.9949 15.4025 -0.341337 14.0622 3.75245 6.59574 10.5068 -15.9852 11.4883 1.55282
120 0.566197 0.140885 0.0506124
0.976282 0.703077 1.27972 -0.437081 -9.44054 -14.9949 15.4025 -0.341337 14.0622 3.75245 6.59574 10.5068 -15.9852 11.4883 1.55282
121 0.566197 0.134265 0.047087
0.976282 0.703077 1.27972 -0.437081 -9.44054 -14.9949 15.4025 -0.341337 14.0622 3.75245 6.59574 10.5068 -15.9852 11.4883 1.55282
122 0.566197 0.108059 0.0384181
0.976282 0.703077 1.27972 -0.437081 -9.44054 -14.9949 15.4025 -0.341337 14.0622 3.75245 6.59574 10.5068 -15.9852 11.4883 1.55282
123 0.566197 0.096185 0.0392126
0.976282 0.703077 1.27972 -0.437081 -9.44054 -14.9949 15.4025 -0.341337 14.0622 3.75245 6.59574 10.5068 -15.9852 11.4883 1.55282
124 0.566197 0.10006 0.0410343
0.976282 0.703077 1.27972 -0.437081 -9.44054 -14.9949 15.4025 -0.341337 14.0622 3.75245 6.59574 10.5068 -15.9852 11.4883 1.55282
125 0.566197 0.130303 0.0480149
0.976282 0.703077 1.27972 -0.437081 -9.44054 -14.9949 15.4025 -0.341337 14.0622 3.75245 6.59574 10.5068 -15.9852 11.4883 1.55282
126 0.566197 0.110313 0.0424294
0.976282 0.703077 1.27972 -0.437081 -9.44054 -14.9949 15.4025 -0.341337 14.0622 3.75245 6.59574 10.5068 -15.9852 11.4883 1.55282
127 0.566197 0.132646 0.0503562
0.976282 0.703077 1.27972 -0.437081 -9.44054 -14.9949 15.4025 -0.341337 14.0622 3.75245 6.59574 10.5068 -15.9852 11.4883 1.55282
128 0.566197 0.121364 0.0435745
0.976282 0.703077 1.27972 -0.437081 -9.44054 -14.9949 15.4025 -0.341337 14.0622 3.75245 6.59574 10.5068 -15.9852 11.4883 1.55282
129 0.566197 0.115404 0.0436755
0.976282 0.703077 1.27972 -0.437081 -9.44054 -14.9949 15.4025 -0.341337 14.0622 3.75245 6.59574 10.5068 -15.9852 11.4883 1.55282
130 0.566197 0.107355 0.0429375
0.976282 0.703077 1.27972 -0.437081 -9.44054 -14.9949 15.4025 -0.341337 14.0622 3.75245 6.59574 10.5068 -15.9852 11.4883 1.55282
131 0.566197 0.13029 0.0466791
0.976282 0.703077 1.27972 -0.437081 -9.44054 -14.9949 15.4025 -0.341337 14.0622 3.75245 6.59574 10.5068 -15.9852 11.4883 1.55282
132 0.566197 0.159221 0.0536835
0.976282 0.703077 1.27972 -0.437081 -9.44054 -14.9949 15.4025 -0.341337 14.0622 3.75245 6.59574 10.5068 -15.9852 11.4883 1.55282
133 0.566197 0.1202 0.0439597
0.976282 0.703077 1.27972 -0.437081 -9.44054 -14.9949 15.4025 -0.341337 14.0622 3.75245 6.59574 10.5068 -15.9852 11.4883 1.55282
134 0.566197 0.123363 0.0437161
0.976282 0.703077 1.27972 -0.437081 -9.44054 -14.9949 15.4025 -0.341337 14.0622 3.75245 6.59574 10.5068 -15.9852 11.4883 1.55282
135 0.566197 0.131321 0.0447627
0.976282 0.703077 1.27972 -0.437081 -9.44054 -14.9949 15.4025 -0.341337 14.0622 3.75245 6.59574 10.5068 -15.9852 11.4883 1.55282
136 0.566197 0.10875 0.0412873
0.976282 0.703077 1.27972 -0.437081 -9.44054 -14.9949 15.4025 -0.341337 14.0622 3.75245 6.59574 10.5068 -15.9852 11.4883 1.55282
137 0.566197 0.129313 0.0452572
0.976282 0.703077 1.27972 -0.437081 -9.44054 -14.9949 15.4025 -0.341337 14.0622 3.75245 6.59574 10.5068 -15.9852 11.4883 1.55282
138 0.566197 0.0928132 0.0340864
0.976282 0.703077 1.27972 -0.437081 -9.44054 -14.9949 15.4025 -0.341337 14.0622 3.75245 6.59574 10.5068 -15.9852 11.4883 1.55282
139 0.566197 0.100829 0.0392686
0.976282 0.703077 1.27972 -0.437081 -9.44054 -14.9949 15.4025 -0.341337 14.0622 3.75245 6.59574 10.5068 -15.9852 11.4883 1.55282
140 0.566197 0.083682 0.0316665
0.976282 0.703077 1.27972 -0.437081 -9.44054 -14.9949 15.4025 -0.341337 14.0622 3.75245 6.59574 10.5068 -15.9852 11.4883 1.55282
141 0.566197 0.123127 0.0417941
0.976282 0.703077 1.27972 -0.437081 -9.44054 -14.9949 15.4025 -0.341337 14.0622 3.75245 6.59574 10.5068 -15.9852 11.4883 1.55282
142 0.566197 0.127033 0.0410233
0.976282 0.703077 1.27972 -0.437081 -9.44054 -14.9949 15.4025 -0.341337 14.0622 3.75245 6.59574 10.5068 -15.9852 11.4883 1.55282
143 0.566197 0.129477 0.0450174
0.976282 0.703077 1.27972 -0.437081 -9.44054 -14.9949 15.4025 -0.341337 14.0622 3.75245 6.59574 10.5068 -15.9852 11.4883 1.55282
144 0.566197 0.10586 0.0356655
0.976282 0.703077 1.27972 -0.437081 -9.44054 -14.9949 15.4025 -0.341337 14.0622 3.75245 6.59574 10.5068 -15.9852 11.4883 1.55282
145 0.566197 0.107716 0.035337
0.976282 0.703077 1.27972 -0.437081 -9.44054 -14.9949 15.4025 -0.341337 14.0622 3.75245 6.59574 10.5068 -15.9852 11.4883 1.55282
146 0.566197 0.0975766 0.0361075
0.976282 0.703077 1.27972 -0.437081 -9.44054 -14.9949 15.4025 -0.341337 14.0622 3.75245 6.59574 10.5068 -15.9852 11.4883 1.55282
147 0.571924 0.152286 0.0514578
0.919287 0.64562 1.39223 -1.54795 -8.95292 -15.6036 14.5127 -0.657459 14.4804 4.3007 8.32365 9.02739 -15.8314 11.5096 2.49736
148 0.571924 0.10451 0.0412457
0.919287 0.64562 1.39223 -1.54795 -8.95292 -15.6036 14.5127 -0.657459 14.4804 4.3007 8.32365 9.02739 -15.8314 11.5096 2.49736
149 0.573168 0.115763 0.0413389
0.903461 0.65928 1.38682 -1.26178 -8.52065 -15.817 13.8182 -0.533322 14.6874 4.25196 7.64282 9.31428 -15.6104 11.0019 2.53433
150 0.573168 0.122473 0.0428601
0.903461 0.65928 1.38682 -1.26178 -8.52065 -15.817 13.8182 -0.533322 14.6874 4.25196 7.64282 9.31428 -15.6104 11.0019 2.53433
151 0.573168 0.120016 0.0443445
0.903461 0.65928 1.38682 -1.26178 -8.52065 -15.817 13.8182 -0.533322 14.6874 4.25196 7.64282 9.31428 -15.6104 11.0019 2.53433
152 0.573168 0.143696 0.0490466
0.903461 0.65928 1.38682 -1.26178 -8.52065 -15.817 13.8182 -0.533322 14.6874 4.25196 7.64282 9.31428 -15.6104 11.0019 2.53433
153 0.573168 0.134734 0.0445875
0.903461 0.65928 1.38682 -1.26178 -8.52065 -15.817 13.8182 -0.533322 14.6874 4.25196 7.64282 9.31428 -15.6104 11.0019 2.53433
154 0.573168 0.126698 0.0422845
0.903461 0.65928 1.38682 -1.26178 -8.52065 -15.817 13.8182 -0.533322 14.6874 4.25196 7.64282 9.31428 -15.6104 11.0019 2.53433
155 0.573168 0.123049 0.042223
0.903461 0.65928 1.38682 -1.26178 -8.52065 -15.817 13.8182 -0.533322 14.6874 4.25196 7.64282 9.31428 -15.6104 11.0019 2.53433
156 0.573168 0.155443 0.0480223
0.903461 0.65928 1.38682 -1.26178 -8.52065 -15.817 13.8182 -0.533322 14.6874 4.25196 7.64282 9.31428 -15.6104 11.0019 2.53433
157 0.573168 0.112495 0.0384402
0.903461 0.65928 1.38682 -1.26178 -8.52065 -15.817 13.8182 -0.533322 14.6874 4.25196 7.64282 9.31428 -15.6104 11.0019 2.53433
158 0.573168 0.0938531 0.0332293
0.903461 0.65928 1.38682 -1.26178 -8.52065 -15.817 13.8182 -0.533322 14.6874 4.25196 7.64282 9.31428 -15.6104 11.0019 2.53433
159 0.573168 0.10097 0.0383407
0.903461 0.65928 1.38682 -1.26178 -8.52065 -15.817 13.8182 -0.533322 14.6874 4.25196 7.64282 9.31428 -15.6104 11.0019 2.53433
160 0.573168 0.130643 0.0453214
0.903461 0.65928 1.38682 -1.26178 -8.52065 -15.817 13.8182 -0.533322 14.6874 4.25196 7.64282 9.31428 -15.6104 11.0019 2.53433
161 0.573168 0.125355 0.045369
0.903461 0.65928 1.38682 -1.26178 -8.52065 -15.817 13.8182 -0.533322 14.6874 4.25196 7.64282 9.31428 -15.6104 11.0019 2.53433
162 0.573168 0.126388 0.0430895
0.903461 0.65928 1.38682 -1.26178 -8.52065 -15.817 13.8182 -0.533322 14.6874 4.25196 7.64282 9.31428 -15.6104 11.0019 2.53433
163 0.573168 0.105175 0.0399224
0.903461 0.65928 1.38682 -1.26178 -8.52065 -15.817 13.8182 -0.533322 14.6874 4.25196 7.64282 9.31428 -15.6104 11.0019 2.53433
164 0.573168 0.120762 0.0410053
0.903461 0.65928 1.38682 -1.26178 -8.52065 -15.817 13.8182 -0.533322 14.6874 4.25196 7.64282 9.31428 -15.6104 11.0019 2.53433
165 0.573168 0.161546 0.0530244
0.903461 0.65928 1.38682 -1.26178 -8.52065 -15.817 13.8182 -0.533322 14.6874 4.25196 7.64282 9.31428 -15.6104 11.0019 2.53433
166 0.573168 0.143201 0.0472034
0.903461 0.65928 1.38682 -1.26178 -8.52065 -15.817 13.8182 -0.533322 14.6874 4.25196 7.64282 9.31428 -15.6104 11.0019 2.53433
167 0.573168 0.137174 0.0484603
0.903461 0.65928 1.38682 -1.26178 -8.52065 -15.817 13.8182 -0.533322 14.6874 4.25196 7.64282 9.31428 -15.6104 11.0019 2.53433
168 0.573168 0.113685 0.042829
0.903461 0.65928 1.38682 -1.26178 -8.52065 -15.817 13.8182 -0.533322 14.6874 4.25196 7.64282 9.31428 -15.6104 11.0019 2.53433
169 0.573168 0.116679 0.0433315
0.903461 0.65928 1.38682 -1.26178 -8.52065 -15.817 13.8182 -0.533322 14.6874 4.25196 7.64282 9.31428 -15.6104 11.0019 2.53433
170 0.573168 0.131682 0.0454672
0.903461 0.65928 1.38682 -1.26178 -8.52065 -15.817 13.8182 -0.533322 14.6874 4.25196 7.64282 9.31428 -15.6104 11.0019 2.53433
171 0.573168 0.130034 0.0431726
0.903461 0.65928 1.38682 -1.26178 -8.52065 -15.817 13.8182 -0.533322 14.6874 4.25196 7.64282 9.31428 -15.6104 11.0019 2.53433
172 0.573168 0.144183 0.0488249
0.903461 0.65928 1.38682 -1.26178 -8.52065 -15.817 13.8182 -0.533322 14.6874 4.25196 7.64282 9.31428 -15.6104 11.0019 2.53433
173 0.573168 0.100174 0.0363385
0.903461 0.65928 1.38682 -1.26178 -8.52065 -15.817 13.8182 -0.533322 14.6874 4.25196 7.64282 9.31428 -15.6104 11.0019 2.53433
174 0.573168 0.112378 0.038378
0.903461 0.65928 1.38682 -1.26178 -8.52065 -15.817 13.8182 -0.533322 14.6874 4.25196 7.64282 9.31428 -15.6104 11.0019 2.53433
175 0.573168 0.100828 0.0383508
0.903461 0.65928 1.38682 -1.26178 -8.52065 -15.817 13.8182 -0.533322 14.6874 4.25196 7.64282 9.31428 -15.6104 11.0019 2.53433
176 0.573168 0.0786105 0.0346416
0.903461 0.65928 1.38682 -1.26178 -8.52065 -15.817 13.8182 -0.533322 14.6874 4.25196 7.64282 9.31428 -15.6104 11.0019 2.53433
177 0.573168 0.0956605 0.039148
0.903461 0.65928 1.38682 -1.26178 -8.52065 -15.817 13.8182 -0.533322 14.6874 4.25196 7.64282 9.31428 -15.6104 11.0019 2.53433
178 0.573168 0.116883 0.0416065
0.903461 0.65928 1.38682 -1.26178 -8.52065 -15.817 13.8182 -0.533322 14.6874 4.25196 7.64282 9.31428 -15.6104 11.0019 2.53433
179 0.573168 0.105827 0.0397337
0.903461 0.65928 1.38682 -1.26178 -8.52065 -15.817 13.8182 -0.533322 14.6874 4.25196 7.64282 9.31428 -15.6104 11.0019 2.53433
180 0.573168 0.110553 0.0404268
0.903461 0.65928 1.38682 -1.26178 -8.52065 -15.817 13.8182 -0.533322 14.6874 4.25196 7.64282 9.31428 -15.6104 11.0019 2.53433
181 0.573168 0.142008 0.051809
0.903461 0.65928 1.38682 -1.26178 -8.52065 -15.817 13.8182 -0.533322 14.6874 4.25196 7.64282 9.31428 -15.6104 11.0019 2.53433
182 0.573168 0.147733 0.0498977
0.903461 0.65928 1.38682 -1.26178 -8.52065 -15.817 13.8182 -0.533322 14.6874 4.25196 7.64282 9.31428 -15.6104 11.0019 2.53433
183 0.573168 0.109792 0.0398191
0.903461 0.65928 1.38682 -1.26178 -8.52065 -15.817 13.8182 -0.533322 14.6874 4.25196 7.64282 9.31428 -15.6104 11.0019 2.53433
184 0.573168 0.0972947 0.0375347
0.903461 0.65928 1.38682 -1.26178 -8.52065 -15.817 13.8182 -0.533322 14.6874 4.25196 7.64282 9.31428 -15.6104 11.0019 2.53433
185 0.573168 0.0981137 0.0351847
0.903461 0.65928 1.38682 -1.26178 -8.52065 -15.817 13.8182 -0.533322 14.6874 4.25196 7.64282 9.31428 -15.6104 11.0019 2.53433
186 0.573168 0.134387 0.0462477
0.903461 0.65928 1.38682 -1.26178 -8.52065 -15.817 13.8182 -0.533322 14.6874 4.25196 7.64282 9.31428 -15.6104 11.0019 2.53433
187 0.573168 0.133374 0.0503395
0.903461 0.65928 1.38682 -1.26178 -8.52065 -15.817 13.8182 -0.533322 14.6874 4.25196 7.64282 9.31428 -15.6104 11.0019 2.53433
188 0.573168 0.113771 0.0401707
0.903461 0.65928 1.38682 -1.26178 -8.52065 -15.817 13.8182 -0.533322 14.6874 4.25196 7.64282 9.31428 -15.6104 11.0019 2.53433
189 0.573168 0.099356 0.0360112
0.903461 0.65928 1.38682 -1.26178 -8.52065 -15.817 13.8182 -0.533322 14.6874 4.25196 7.64282 9.31428 -15.6104 11.0019 2.53433
190 0.573168 0.118248 0.0359818
0.903461 0.65928 1.38682 -1.26178 -8.52065 -15.817 13.8182 -0.533322 14.6874 4.25196 7.64282 9.31428 -15.6104 11.0019 2.53433
191 0.573168 0.100332 0.033825
0.903461 0.65928 1.38682 -1.26178 -8.52065 -15.817 13.8182 -0.533322 14.6874 4.25196 7.64282 9.31428 -15.6104 11.0019 2.53433
192 0.573168 0.125976 0.0448476
0.903461 0.65928 1.38682 -1.26178 -8.52065 -15.817 13.8182 -0.533322 14.6874 4.25196 7.64282 9.31428 -15.6104 11.0019 2.53433
193 0.573168 0.115431 0.0424238
0.903461 0.65928 1.38682 -1.26178 -8.52065 -15.817 13.8182 -0.533322 14.6874 4.25196 7.64282 9.31428 -15.6104 11.0019 2.53433
194 0.573168 0.10694 0.0411787
0.903461 0.65928 1.38682 -1.26178 -8.52065 -15.817 13.8182 -0.533322 14.6874 4.25196 7.64282 9.31428 -15.6104 11.0019 2.53433
195 0.573168 0.107642 0.0375433
0.903461 0.65928 1.38682 -1.26178 -8.52065 -15.817 13.8182 -0.533322 14.6874 4.25196 7.64282 9.31428 -15.6104 11.0019 2.53433
196 0.573168 0.0990113 0.0375477
0.903461 0.65928 1.38682 -1.26178 -8.52065 -15.817 13.8182 -0.533322 14.6874 4.25196 7.64282 9.31428 -15.6104 11.0019 2.53433
197 0.573168 0.108821 0.0385341
0.903461 0.65928 1.38682 -1.26178 -8.52065 -15.817 13.8182 -0.533322 14.6874 4.25196 7.64282 9.31428 -15.6104 11.0019 2.53433
198 0.573168 0.100934 0.0402592
0.903461 0.65928 1.38682 -1.26178 -8.52065 -15.817 13.8182 -0.533322 14.6874 4.25196 7.64282 9.31428 -15.6104 11.0019 2.53433
199 0.573168 0.0962899 0.037768
0.903461 0.65928 1.38682 -1.26178 -8.52065 -15.817 13.8182 -0.533322 14.6874 4.25196 7.64282 9.31428 -15.6104 11.0019 2.53433
200 0.573168 0.0812252 0.030663
0.903461 0.65928 1.38682 -1.26178 -8.52065 -15.817 13.8182 -0.533322 14.6874 4.25196 7.64282 9.31428 -15.6104 11.0019 2.53433
201 0.573168 0.109161 0.0394691
0.903461 0.65928 1.38682 -1.26178 -8.52065 -15.817 13.8182 -0.533322 14.6874 4.25196 7.64282 9.31428 -15.6104 11.0019 2.53433
202 0.573168 0.116591 0.0398679
0.903461 0.65928 1.38682 -1.26178 -8.52065 -15.817 13.8182 -0.533322 14.6874 4.25196 7.64282 9.31428 -15.6104 11.0019 2.53433
203 0.573168 0.0880255 0.0317052
0.903461 0.65928 1.38682 -1.26178 -8.52065 -15.817 13.8182 -0.533322 14.6874 4.25196 7.64282 9.31428 -15.6104 11.0019 2.53433
204 0.573168 0.104562 0.0408804
0.903461 0.65928 1.38682 -1.26178 -8.52065 -15.817 13.8182 -0.533322 14.6874 4.25196 7.64282 9.31428 -15.6104 11.0019 2.53433
205 0.573168 0.106513 0.0403973
0.903461 0.65928 1.38682 -1.26178 -8.52065 -15.817 13.8182 -0.533322 14.6874 4.25196 7.64282 9.31428 -15.6104 11.0019 2.53433
206 0.573168 0.123643 0.0455131
0.903461 0.65928 1.38682 -1.26178 -8.52065 -15.817 13.8182 -0.533322 14.6874 4.25196 7.64282 9.31428 -15.6104 11.0019 2.53433
207 0.573168 0.108076 0.0420288
0.903461 0.65928 1.38682 -1.26178 -8.52065 -15.817 13.8182 -0.533322 14.6874 4.25196 7.64282 9.31428 -15.6104 11.0019 2.53433
208 0.573168 0.104976 0.0399618
0.903461 0.65928 1.38682 -1.26178 -8.52065 -15.817 13.8182 -0.533322 14.6874 4.25196 7.64282 9.31428 -15.6104 11.0019 2.53433
209 0.573168 0.0946717 0.0325421
0.903461 0.65928 1.38682 -1.26178 -8.52065 -15.817 13.8182 -0.533322 14.6874 4.25196 7.64282 9.31428 -15.6104 11.0019 2.53433
210 0.573168 0.102859 0.0344955
0.903461 0.65928 1.38682 -1.26178 -8.52065 -15.817 13.8182 -0.533322 14.6874 4.25196 7.64282 9.31428 -15.6104 11.0019 2.53433
211 0.573168 0.0815657 0.0335112
0.903461 0.65928 1.38682 -1.26178 -8.52065 -15.817 13.8182 -0.533322 14.6874 4.25196 7.64282 9.31428 -15.6104 11.0019 2.53433
212 0.573168 0.0893321 0.0328316
0.903461 0.65928 1.38682 -1.26178 -8.52065 -15.817 13.8182 -0.533322 14.6874 4.25196 7.64282 9.31428 -15.6104 11.0019 2.53433
213 0.573168 0.0926451 0.0338621
0.903461 0.65928 1.38682 -1.26178 -8.52065 -15.817 13.8182 -0.533322 14.6874 4.25196 7.64282 9.31428 -15.6104 11.0019 2.53433
214 0.573168 0.103096 0.0378269
0.903461 0.65928 1.38682 -1.26178 -8.52065 -15.817 13.8182 -0.533322 14.6874 4.25196 7.64282 9.31428 -15.6104 11.0019 2.53433
215 0.573168 0.103183 0.0403928
0.903461 0.65928 1.38682 -1.26178 -8.52065 -15.817 13.8182 -0.533322 14.6874 4.25196 7.64282 9.31428 -15.6104 11.0019 2.53433
216 0.573168 0.0927912 0.0360834
0.903461 0.65928 1.38682 -1.26178 -8.52065 -15.817 13.8182 -0.533322 14.6874 4.25196 7.64282 9.31428 -15.6104 11.0019 2.53433
217 0.573168 0.108674 0.039465
0.903461 0.65928 1.38682 -1.26178 -8.52065 -15.817 13.8182 -0.533322 14.6874 4.25196 7.64282 9.31428 -15.6104 11.0019 2.53433
218 0.573168 0.120141 0.0415796
0.903461 0.65928 1.38682 -1.26178 -8.52065 -15.817 13.8182 -0.533322 14.6874 4.25196 7.64282 9.31428 -15.6104 11.0019 2.53433
219 0.573324 0.128224 0.0481669
0.928591 0.64678 1.40608 -1.56382 -8.77981 -15.4845 14.609 -0.961012 14.2333 4.13248 8.40528 8.91775 -15.9781 11.4796 2.70335
220 0.573324 0.130557 0.0448254
0.928591 0.64678 1.40608 -1.56382 -8.77981 -15.4845 14.609 -0.961012 14.2333 4.13248 8.40528 8.91775 -15.9781 11.4796 2.70335
221 0.573324 0.137264 0.047239
0.928591 0.64678 1.40608 -1.56382 -8.77981 -15.4845 14.609 -0.961012 14.2333 4.13248 8.40528 8.91775 -15.9781 11.4796 2.70335
222 0.573324 0.0975854 0.0345508
0.928591 0.64678 1.40608 -1.56382 -8.77981 -15.4845 14.609 -0.961012 14.2333 4.13248 8.40528 8.91775 -15.9781 11.4796 2.70335
223 0.573324 0.101024 0.0361715
0.928591 0.64678 1.40608 -1.56382 -8.77981 -15.4845 14.609 -0.961012 14.2333 4.13248 8.40528 8.91775 -15.9781 11.4796 2.70335
224 0.573324 0.121824 0.043839
0.928591 0.64678 1.40608 -1.56382 -8.77981 -15.4845 14.609 -0.961012 14.2333 4.13248 8.40528 8.91775 -15.9781 11.4796 2.70335
225 0.573324 0.102713 0.0359418
0.928591 0.64678 1.40608 -1.56382 -8.77981 -15.4845 14.609 -0.961012 14.2333 4.13248 8.40528 8.91775 -15.9781 11.4796 2.70335
226 0.573324 0.104346 0.0387243
0.928591 0.64678 1.40608 -1.56382 -8.77981 -15.4845 14.609 -0.961012 14.2333 4.13248 8.40528 8.91775 -15.9781 11.4796 2.70335
227 0.573324 0.123302 0.0425677
0.928591 0.64678 1.40608 -1.56382 -8.77981 -15.4845 14.609 -0.961012 14.2333 4.13248 8.40528 8.91775 -15.9781 11.4796 2.70335
228 0.573324 0.106093 0.0374759
0.928591 0.64678 1.40608 -1.56382 -8.77981 -15.4845 14.609 -0.961012 14.2333 4.13248 8.40528 8.91775 -15.9781 11.4796 2.70335
229 0.573324 0.125255 0.0441193
0.928591 0.64678 1.40608 -1.56382 -8.77981 -15.4845 14.609 -0.961012 14.2333 4.13248 8.40528 8.91775 -15.9781 11.4796 2.70335
230 0.574595 0.127366 0.0458448
0.82584 0.601493 1.36995 -1.93633 -7.99967 -15.7652 13.1653 -1.40622 14.5202 2.31092 8.37694 6.76981 -15.9013 12.5181 3.52225
231 0.574595 0.1203 0.0440297
0.82584 0.601493 1.36995 -1.93633 -7.99967 -15.7652 13.1653 -1.40622 14.5202 2.31092 8.37694 6.76981 -15.9013 12.5181 3.52225
232 0.574595 0.136665 0.0456641
0.82584 0.601493 1.36995 -1.93633 -7.99967 -15.7652 13.1653 -1.40622 14.5202 2.31092 8.37694 6.76981 -15.9013 12.5181 3.52225
233 0.574595 0.130372 0.0432992
0.82584 0.601493 1.36995 -1.93633 -7.99967 -15.7652 13.1653 -1.40622 14.5202 2.31092 8.37694 6.76981 -15.9013 12.5181 3.52225
234 0.574595 0.142511 0.0470999
0.82584 0.601493 1.36995 -1.93633 -7.99967 -15.7652 13.1653 -1.40622 14.5202 2.31092 8.37694 6.76981 -15.9013 12.5181 3.52225
235 0.574595 0.12843 0.0460182
0.82584 0.601493 1.36995 -1.93633 -7.99967 -15.7652 13.1653 -1.40622 14.5202 2.31092 8.37694 6.76981 -15.9013 12.5181 3.52225
236 0.574595 0.112064 0.0398658
0.82584 0.601493 1.36995 -1.93633 -7.99967 -15.7652 13.1653 -1.40622 14.5202 2.31092 8.37694 6.76981 -15.9013 12.5181 3.52225
237 0.574595 0.125912 0.0438289
0.82584 0.601493 1.36995 -1.93633 -7.99967 -15.7652 13.1653 -1.40622 14.5202 2.31092 8.37694 6.76981 -15.9013 12.5181 3.52225
238 0.574595 0.116432 0.0418384
0.82584 0.601493 1.36995 -1.93633 -7.99967 -15.7652 13.1653 -1.40622 14.5202 2.31092 8.37694 6.76981 -15.9013 12.5181 3.52225
239 0.574595 0.144814 0.0517132
0.82584 0.601493 1.36995 -1.93633 -7.99967 -15.7652 13.1653 -1.40622 14.5202 2.31092 8.37694 6.76981 -15.9013 12.5181 3.52225
240 0.574595 0.126207 0.0442015
0.82584 0.601493 1.36995 -1.93633 -7.99967 -15.7652 13.1653 -1.40622 14.5202 2.31092 8.37694 6.76981 -15.9013 12.5181 3.52225
241 0.574595 0.121437 0.0395311
0.82584 0.601493 1.36995 -1.93633 -7.99967 -15.7652 13.1653 -1.40622 14.5202 2.31092 8.37694 6.76981 -15.9013 12.5181 3.52225
242 0.574595 0.109156 0.0391183
0.82584 0.601493 1.36995 -1.93633 -7.99967 -15.7652 13.1653 -1.40622 14.5202 2.31092 8.37694 6.76981 -15.9013 12.5181 3.52225
243 0.574595 0.111356 0.040997
0.82584 0.601493 1.36995 -1.93633 -7.99967 -15.7652 13.1653 -1.40622 14.5202 2.31092 8.37694 6.76981 -15.9013 12.5181 3.52225
244 0.574595 0.119284 0.0440423
0.82584 0.601493 1.36995 -1.93633 -7.99967 -15.7652 13.1653 -1.40622 14.5202 2.31092 8.37694 6.76981 -15.9013 12.5181 3.52225
245 0.574595 0.119734 0.0389244
0.82584 0.601493 1.36995 -1.93633 -7.99967 -15.7652 13.1653 -1.40622 14.5202 2.31092 8.37694 6.76981 -15.9013 12.5181 3.52225
246 0.574595 0.142013 0.0462454
0.82584 0.601493 1.36995 -1.93633 -7.99967 -15.7652 13.1653 -1.40622 14.5202 2.31092 8.37694 6.76981 -15.9013 12.5181 3.52225
247 0.574595 0.112008 0.0348974
0.82584 0.601493 1.36995 -1.93633 -7.99967 -15.7652 13.1653 -1.40622 14.5202 2.31092 8.37694 6.76981 -15.9013 12.5181 3.52225
248 0.574595 0.116859 0.0380065
0.82584 0.601493 1.36995 -1.93633 -7.99967 -15.7652 13.1653 -1.40622 14.5202 2.31092 8.37694 6.76981 -15.9013 12.5181 3.52225
249 0.574595 0.14709 0.046372
0.82584 0.601493 1.36995 -1.93633 -7.99967 -15.7652 13.1653 -1.40622 14.5202 2.31092 8.37694 6.76981 -15.9013 12.5181 3.52225
250 0.574595 0.14359 0.0493082
0.82584 0.601493 1.36995 -1.93633 -7.99967 -15.7652 13.1653 -1.40622 14.5202 2.31092 8.37694 6.76981 -15.9013 12.5181 3.52225
251 0.574595 0.154377 0.0531784
0.82584 0.601493 1.36995 -1.93633 -7.99967 -15.7652 13.1653 -1.40622 14.5202 2.31092 8.37694 6.76981 -15.9013 12.5181 3.52225
252 0.574595 0.134823 0.0470186
0.82584 0.601493 1.36995 -1.93633 -7.99967 -15.7652 13.1653 -1.40622 14.5202 2.31092 8.37694 6.76981 -15.9013 12.5181 3.52225
253 0.574595 0.118304 0.0426527
0.82584 0.601493 1.36995 -1.93633 -7.99967 -15.7652 13.1653 -1.40622 14.5202 2.31092 8.37694 6.76981 -15.9013 12.5181 3.52225
254 0.574595 0.132119 0.0477964
0.82584 0.601493 1.36995 -1.93633 -7.99967 -15.7652 13.1653 -1.40622 14.5202 2.31092 8.37694 6.76981 -15.9013 12.5181 3.52225
255 0.574595 0.0933064 0.0377697
0.82584 0.601493 1.36995 -1.93633 -7.99967 -15.7652 13.1653 -1.40622 14.5202 2.31092 8.37694 6.76981 -15.9013 12.5181 3.52225
256 0.574595 0.11182 0.0364992
0.82584 0.601493 1.36995 -1.93633 -7.99967 -15.7652 13.1653 -1.40622 14.5202 2.31092 8.37694 6.76981 -15.9013 12.5181 3.52225
257 0.574595 0.107393 0.0383371
0.82584 0.601493 1.36995 -1.93633 -7.99967 -15.7652 13.1653 -1.40622 14.5202 2.31092 8.37694 6.76981 -15.9013 12.5181 3.52225
258 0.574595 0.0884901 0.03291
0.82584 0.601493 1.36995 -1.93633 -7.99967 -15.7652 13.1653 -1.40622 14.5202 2.31092 8.37694 6.76981 -15.9013 12.5181 3.52225
259 0.574595 0.122184 0.0445432
0.82584 0.601493 1.36995 -1.93633 -7.99967 -15.7652 13.1653 -1.40622 14.5202 2.31092 8.37694 6.76981 -15.9013 12.5181 3.52225
260 0.574595 0.119944 0.0409087
0.82584 0.601493 1.36995 -1.93633 -7.99967 -15.7652 13.1653 -1.40622 14.5202 2.31092 8.37694 6.76981 -15.9013 12.5181 3.52225
261 0.574595 0.115097 0.0399674
0.82584 0.601493 1.36995 -1.93633 -7.99967 -15.7652 13.1653 -1.40622 14.5202 2.31092 8.37694 6.76981 -15.9013 12.5181 3.52225
262 0.574595 0.0900563 0.035595
0.82584 0.601493 1.36995 -1.93633 -7.99967 -15.7652 13.1653 -1.40622 14.5202 2.31092 8.37694 6.76981 -15.9013 12.5181 3.52225
263 0.574595 0.0765597 0.0322971
0.82584 0.601493 1.36995 -1.93633 -7.99967 -15.7652 13.1653 -1.40622 14.5202 2.31092 8.37694 6.76981 -15.9013 12.5181 3.52225
264 0.574595 0.107938 0.0415044
0.82584 0.601493 1.36995 -1.93633 -7.99967 -15.7652 13.1653 -1.40622 14.5202 2.31092 8.37694 6.76981 -15.9013 12.5181 3.52225
265 0.574595 0.0866408 0.0365515
0.82584 0.601493 1.36995 -1.93633 -7.99967 -15.7652 13.1653 -1.40622 14.5202 2.31092 8.37694 6.76981 -15.9013 12.5181 3.52225
266 0.574595 0.112961 0.0423243
0.82584 0.601493 1.36995 -1.93633 -7.99967 -15.7652 13.1653 -1.40622 14.5202 2.31092 8.37694 6.76981 -15.9013 12.5181 3.52225
267 0.574595 0.111719 0.0431241
0.82584 0.601493 1.36995 -1.93633 -7.99967 -15.7652 13.1653 -1.40622 14.5202 2.31092 8.37694 6.76981 -15.9013 12.5181 3.52225
268 0.574595 0.109271 0.0448722
0.82584 0.601493 1.36995 -1.93633 -7.99967 -15.7652 13.1653 -1.40622 14.5202 2.31092 8.37694 6.76981 -15.9013 12.5181 3.52225
269 0.586893 0.127311 0.0504541
0.824761 0.601477 1.37253 -1.89919 -7.99376 -15.7389 13.1776 -1.44069 14.5115 2.32222 8.36018 6.79912 -15.8883 12.4777 3.50124
270 0.586893 0.11216 0.0417582
0.824761 0.601477 1.37253 -1.89919 -7.99376 -15.7389 13.1776 -1.44069 14.5115 2.32222 8.36018 6.79912 -15.8883 12.4777 3.50124
271 0.586893 0.116905 0.0440028
0.824761 0.601477 1.37253 -1.89919 -7.99376 -15.7389 13.1776 -1.44069 14.5115 2.32222 8.36018 6.79912 -15.8883 12.4777 3.50124
272 0.586893 0.114829 0.0418854
0.824761 0.601477 1.37253 -1.89919 -7.99376 -15.7389 13.1776 -1.44069 14.5115 2.32222 8.36018 6.79912 -15.8883 12.4777 3.50124
273 0.586893 0.132145 0.0473309
0.824761 0.601477 1.37253 -1.89919 -7.99376 -15.7389 13.1776 -1.44069 14.5115 2.32222 8.36018 6.79912 -15.8883 12.4777 3.50124
274 0.586893 0.099195 0.0353594
0.824761 0.601477 1.37253 -1.89919 -7.99376 -15.7389 13.1776 -1.44069 14.5115 2.32222 8.36018 6.79912 -15.8883 12.4777 3.50124
275 0.586893 0.109711 0.03484
0.824761 0.601477 1.37253 -1.89919 -7.99376 -15.7389 13.1776 -1.44069 14.5115 2.32222 8.36018 6.79912 -15.8883 12.4777 3.50124
276 0.58806 0.122692 0.04574
0.823375 0.602707 1.37341 -1.88998 -7.99252 -15.7414 13.1632 -1.42765 14.4997 2.29232 8.35698 6.79843 -15.8992 12.4765 3.49868
277 0.58806 0.142679 0.048218
0.823375 0.602707 1.37341 -1.88998 -7.99252 -15.7414 13.1632 -1.42765 14.4997 2.29232 8.35698 6.79843 -15.8992 12.4765 3.49868
278 0.58806 0.13205 0.0436934
0.823375 0.602707 1.37341 -1.88998 -7.99252 -15.7414 13.1632 -1.42765 14.4997 2.29232 8.35698 6.79843 -15.8992 12.4765 3.49868
279 0.59079 0.136034 0.0491508
0.823742 0.602842 1.37326 -1.89226 -7.97911 -15.7483 13.1594 -1.42943 14.5079 2.29134 8.35384 6.80043 -15.9116 12.4746 3.4992
280 0.59079 0.134021 0.0435907
0.823742 0.602842 1.37326 -1.89226 -7.97911 -15.7483 13.1594 -1.42943 14.5079 2.29134 8.35384 6.80043 -15.9116 12.4746 3.4992
281 0.59079 0.137936 0.0439252
0.823742 0.602842 1.37326 -1.89226 -7.97911 -15.7483 13.1594 -1.42943 14.5079 2.29134 8.35384 6.80043 -15.9116 12.4746 3.4992
282 0.59079 0.155576 0.0513993
0.823742 0.602842 1.37326 -1.89226 -7.97911 -15.7483 13.1594 -1.42943 14.5079 2.29134 8.35384 6.80043 -15.9116 12.4746 3.4992
283 0.59079 0.139472 0.0468078
0.823742 0.602842 1.37326 -1.89226 -7.97911 -15.7483 13.1594 -1.42943 14.5079 2.29134 8.35384 6.80043 -15.9116 12.4746 3.4992
284 0.59079 0.131906 0.0438275
0.823742 0.602842 1.37326 -1.89226 -7.97911 -15.7483 13.1594 -1.42943 14.5079 2.29134 8.35384 6.80043 -15.9116 12.4746 3.4992
285 0.59079 0.109764 0.0417481
0.823742 0.602842 1.37326 -1.89226 -7.97911 -15.7483 13.1594 -1.42943 14.5079 2.29134 8.35384 6.80043 -15.9116 12.4746 3.4992
286 0.59079 0.129631 0.0430188
0.823742 0.602842 1.37326 -1.89226 -7.97911 -15.7483 13.1594 -1.42943 14.5079 2.29134 8.35384 6.80043 -15.9116 12.4746 3.4992
287 0.59079 0.136282 0.0446173
0.823742 0.602842 1.37326 -1.89226 -7.97911 -15.7483 13.1594 -1.42943 14.5079 2.29134 8.35384 6.80043 -15.9116 12.4746 3.4992
288 0.59079 0.127278 0.0412876
0.823742 0.602842 1.37326 -1.89226 -7.97911 -15.7483 13.1594 -1.42943 14.5079 2.29134 8.35384 6.80043 -15.9116 12.4746 3.4992
289 0.598441 0.141259 0.0462867
0.822964 0.599136 1.36491 -1.83644 -8.1013 -15.7559 13.1005 -1.46304 14.7176 2.29034 8.35117 6.86818 -15.8175 12.5683 3.39968
290 0.598441 0.151065 0.0506944
0.822964 0.599136 1.36491 -1.83644 -8.1013 -15.7559 13.1005 -1.46304 14.7176 2.29034 8.35117 6.86818 -15.8175 12.5683 3.39968
291 0.60448 0.129773 0.0471259
0.824221 0.602923 1.37092 -1.88907 -7.98172 -15.7811 13.1415 -1.43308 14.504 2.28557 8.38699 6.79223 -15.9136 12.4763 3.51873
292 0.60448 0.111366 0.0399242
0.824221 0.602923 1.37092 -1.88907 -7.98172 -15.7811 13.1415 -1.43308 14.504 2.28557 8.38699 6.79223 -15.9136 12.4763 3.51873
293 0.60448 0.132053 0.0451359
0.824221 0.602923 1.37092 -1.88907 -7.98172 -15.7811 13.1415 -1.43308 14.504 2.28557 8.38699 6.79223 -15.9136 12.4763 3.51873
294 0.60448 0.160255 0.0493031
0.824221 0.602923 1.37092 -1.88907 -7.98172 -15.7811 13.1415 -1.43308 14.504 2.28557 8.38699 6.79223 -15.9136 12.4763 3.51873
295 0.60448 0.162238 0.0506875
0.824221 0.602923 1.37092 -1.88907 -7.98172 -15.7811 13.1415 -1.43308 14.504 2.28557 8.38699 6.79223 -15.9136 12.4763 3.51873
296 0.60448 0.160079 0.0495568
0.824221 0.602923 1.37092 -1.88907 -7.98172 -15.7811 13.1415 -1.43308 14.504 2.28557 8.38699 6.79223 -15.9136 12.4763 3.51873
297 0.60448 0.170768 0.0557405
0.824221 0.602923 1.37092 -1.88907 -7.98172 -15.7811 13.1415 -1.43308 14.504 2.28557 8.38699 6.79223 -15.9136 12.4763 3.51873
298 0.60448 0.139615 0.0441836
0.824221 0.602923 1.37092 -1.88907 -7.98172 -15.7811 13.1415 -1.43308 14.504 2.28557 8.38699 6.79223 -15.9136 12.4763 3.51873
299 0.60448 0.141402 0.0451993
0.824221 0.602923 1.37092 -1.88907 -7.98172 -15.7811 13.1415 -1.43308 14.504 2.28557 8.38699 6.79223 -15.9136 12.4763 3.51873
300 0.60448 0.141073 0.0524507
0.824221 0.602923 1.37092 -1.88907 -7.98172 -15.7811 13.1415 -1.43308 14.504 2.28557 8.38699 6.79223 -15.9136 12.4763 3.51873
301 0.60448 0.150377 0.0533651
0.824221 0.602923 1.37092 -1.88907 -7.98172 -15.7811 13.1415 -1.43308 14.504 2.28557 8.38699 6.79223 -15.9136 12.4763 3.51873
302 0.60448 0.119485 0.0400244
0.824221 0.602923 1.37092 -1.88907 -7.98172 -15.7811 13.1415 -1.43308 14.504 2.28557 8.38699 6.79223 -15.9136 12.4763 3.51873
303 0.60448 0.139528 0.0449507
0.824221 0.602923 1.37092 -1.88907 -7.98172 -15.7811 13.1415 -1.43308 14.504 2.28557 8.38699 6.79223 -15.9136 12.4763 3.51873
304 0.60448 0.149812 0.0467719
0.824221 0.602923 1.37092 -1.88907 -7.98172 -15.7811 13.1415 -1.43308 14.504 2.28557 8.38699 6.79223 -15.9136 12.4763 3.51873
305 0.60448 0.128899 0.0466573
0.824221 0.602923 1.37092 -1.88907 -7.98172 -15.7811 13.1415 -1.43308 14.504 2.28557 8.38699 6.79223 -15.9136 12.4763 3.51873
306 0.60448 0.130787 0.0411577
0.824221 0.602923 1.37092 -1.88907 -7.98172 -15.7811 13.1415 -1.43308 14.504 2.28557 8.38699 6.79223 -15.9136 12.4763 3.51873
307 0.60448 0.156861 0.0475512
0.824221 0.602923 1.37092 -1.88907 -7.98172 -15.7811 13.1415 -1.43308 14.504 2.28557 8.38699 6.79223 -15.9136 12.4763 3.51873
308 0.60448 0.133475 0.0450235
0.824221 0.602923 1.37092 -1.88907 -7.98172 -15.7811 13.1415 -1.43308 14.504 2.28557 8.38699 6.79223 -15.9136 12.4763 3.51873
309 0.60448 0.154795 0.0466041
0.824221 0.602923 1.37092 -1.88907 -7.98172 -15.7811 13.1415 -1.43308 14.504 2.28557 8.38699 6.79223 -15.9136 12.4763 3.51873
310 0.60448 0.123409 0.0446348
0.824221 0.602923 1.37092 -1.88907 -7.98172 -15.7811 13.1415 -1.43308 14.504 2.28557 8.38699 6.79223 -15.9136 12.4763 3.51873
311 0.60448 0.126889 0.0477489
0.824221 0.602923 1.37092 -1.88907 -7.98172 -15.7811 13.1415 -1.43308 14.504 2.28557 8.38699 6.79223 -15.9136 12.4763 3.51873
312 0.60448 0.112326 0.0400014
0.824221 0.602923 1.37092 -1.88907 -7.98172 -15.7811 13.1415 -1.43308 14.504 2.28557 8.38699 6.79223 -15.9136 12.4763 3.51873
313 0.60448 0.098326 0.0385557
0.824221 0.602923 1.37092 -1.88907 -7.98172 -15.7811 13.1415 -1.43308 14.504 2.28557 8.38699 6.79223 -15.9136 12.4763 3.51873
314 0.60448 0.094457 0.0379181
0.824221 0.602923 1.37092 -1.88907 -7.98172 -15.7811 13.1415 -1.43308 14.504 2.28557 8.38699 6.79223 -15.9136 12.4763 3.51873
315 0.60448 0.092486 0.0399347
0.824221 0.602923 1.37092 -1.88907 -7.98172 -15.7811 13.1415 -1.43308 14.504 2.28557 8.38699 6.79223 -15.9136 12.4763 3.51873
316 0.60448 0.153578 0.0511872
0.824221 0.602923 1.37092 -1.88907 -7.98172 -15.7811 13.1415 -1.43308 14.504 2.28557 8.38699 6.79223 -15.9136 12.4763 3.51873
317 0.60448 0.148643 0.0505748
0.824221 0.602923 1.37092 -1.88907 -7.98172 -15.7811 13.1415 -1.43308 14.504 2.28557 8.38699 6.79223 -15.9136 12.4763 3.51873
318 0.60448 0.154771 0.0546333
0.824221 0.602923 1.37092 -1.88907 -7.98172 -15.7811 13.1415 -1.43308 14.504 2.28557 8.38699 6.79223 -15.9136 12.4763 3.51873
319 0.60448 0.147769 0.0510962
0.824221 0.602923 1.37092 -1.88907 -7.98172 -15.7811 13.1415 -1.43308 14.504 2.28557 8.38699 6.79223 -15.9136 12.4763 3.51873
320 0.60448 0.143972 0.0509464
0.824221 0.602923 1.37092 -1.88907 -7.98172 -15.7811 13.1415 -1.43308 14.504 2.28557 8.38699 6.79223 -15.9136 12.4763 3.51873
321 0.60448 0.12055 0.0446698
0.824221 0.602923 1.37092 -1.88907 -7.98172 -15.7811 13.1415 -1.43308 14.504 2.28557 8.38699 6.79223 -15.9136 12.4763 3.51873
322 0.60448 0.127793 0.0421754
0.824221 0.602923 1.37092 -1.88907 -7.98172 -15.7811 13.1415 -1.43308 14.504 2.28557 8.38699 6.79223 -15.9136 12.4763 3.51873
323 0.60448 0.129585 0.0468223
0.824221 0.602923 1.37092 -1.88907 -7.98172 -15.7811 13.1415 -1.43308 14.504 2.28557 8.38699 6.79223 -15.9136 12.4763 3.51873
324 0.60448 0.0986336 0.0398964
0.824221 0.602923 1.37092 -1.88907 -7.98172 -15.7811 13.1415 -1.43308 14.504 2.28557 8.38699 6.79223 -15.9136 12.4763 3.51873
325 0.60448 0.101875 0.0386288
0.824221 0.602923 1.37092 -1.88907 -7.98172 -15.7811 13.1415 -1.43308 14.504 2.28557 8.38699 6.79223 -15.9136 12.4763 3.51873
326 0.60448 0.115209 0.0410989
0.824221 0.602923 1.37092 -1.88907 -7.98172 -15.7811 13.1415 -1.43308 14.504 2.28557 8.38699 6.79223 -15.9136 12.4763 3.51873
327 0.60448 0.114262 0.0416461
0.824221 0.602923 1.37092 -1.88907 -7.98172 -15.7811 13.1415 -1.43308 14.504 2.28557 8.38699 6.79223 -15.9136 12.4763 3.51873
328 0.60448 0.12099 0.0419009
0.824221 0.602923 1.37092 -1.88907 -7.98172 -15.7811 13.1415 -1.43308 14.504 2.28557 8.38699 6.79223 -15.9136 12.4763 3.51873
329 0.60448 0.131603 0.0452425
0.824221 0.602923 1.37092 -1.88907 -7.98172 -15.7811 13.1415 -1.43308 14.504 2.28557 8.38699 6.79223 -15.9136 12.4763 3.51873
330 0.60448 0.149087 0.051108
0.824221 0.602923 1.37092 -1.88907 -7.98172 -15.7811 13.1415 -1.43308 14.504 2.28557 8.38699 6.79223 -15.9136 12.4763 3.51873
331 0.60448 0.143794 0.0494414
0.824221 0.602923 1.37092 -1.88907 -7.98172 -15.7811 13.1415 -1.43308 14.504 2.28557 8.38699 6.79223 -15.9136 12.4763 3.51873
332 0.60448 0.111126 0.042043
0.824221 0.602923 1.37092 -1.88907 -7.98172 -15.7811 13.1415 -1.43308 14.504 2.28557 8.38699 6.79223 -15.9136 12.4763 3.51873
333 0.60448 0.138735 0.0463597
0.824221 0.602923 1.37092 -1.88907 -7.98172 -15.7811 13.1415 -1.43308 14.504 2.28557 8.38699 6.79223 -15.9136 12.4763 3.51873
334 0.60448 0.162421 0.0472361
0.824221 0.602923 1.37092 -1.88907 -7.98172 -15.7811 13.1415 -1.43308 14.504 2.28557 8.38699 6.79223 -15.9136 12.4763 3.51873
335 0.60448 0.138927 0.0437243
0.824221 0.602923 1.37092 -1.88907 -7.98172 -15.7811 13.1415 -1.43308 14.504 2.28557 8.38699 6.79223 -15.9136 12.4763 3.51873
336 0.60448 0.139575 0.0439733
0.824221 0.602923 1.37092 -1.88907 -7.98172 -15.7811 13.1415 -1.43308 14.504 2.28557 8.38699 6.79223 -15.9136 12.4763 3.51873
337 0.60448 0.150237 0.0483307
0.824221 0.602923 1.37092 -1.88907 -7.98172 -15.7811 13.1415 -1.43308 14.504 2.28557 8.38699 6.79223 -15.9136 12.4763 3.51873
338 0.60448 0.106931 0.0396211
0.824221 0.602923 1.37092 -1.88907 -7.98172 -15.7811 13.1415 -1.43308 14.504 2.28557 8.38699 6.79223 -15.9136 12.4763 3.51873
339 0.60448 0.107765 0.0436145
0.824221 0.602923 1.37092 -1.88907 -7.98172 -15.7811 13.1415 -1.43308 14.504 2.28557 8.38699 6.79223 -15.9136 12.4763 3.51873
340 0.60448 0.117002 0.0466541
0.824221 0.602923 1.37092 -1.88907 -7.98172 -15.7811 13.1415 -1.43308 14.504 2.28557 8.38699 6.79223 -15.9136 12.4763 3.51873
341 0.60448 0.138299 0.0461328
0.824221 0.602923 1.37092 -1.88907 -7.98172 -15.7811 13.1415 -1.43308 14.504 2.28557 8.38699 6.79223 -15.9136 12.4763 3.51873
342 0.60448 0.137789 0.0494025
0.824221 0.602923 1.37092 -1.88907 -7.98172 -15.7811 13.1415 -1.43308 14.504 2.28557 8.38699 6.79223 -15.9136 12.4763 3.51873
343 0.60448 0.122361 0.048027
0.824221 0.602923 1.37092 -1.88907 -7.98172 -15.7811 13.1415 -1.43308 14.504 2.28557 8.38699 6.79223 -15.9136 12.4763 3.51873
344 0.60448 0.106138 0.0403111
0.824221 0.602923 1.37092 -1.88907 -7.98172 -15.7811 13.1415 -1.43308 14.504 2.28557 8.38699 6.79223 -15.9136 12.4763 3.51873
345 0.60448 0.128177 0.0431118
0.824221 0.602923 1.37092 -1.88907 -7.98172 -15.7811 13.1415 -1.43308 14.504 2.28557 8.38699 6.79223 -15.9136 12.4763 3.51873
346 0.60448 0.118826 0.0394658
0.824221 0.602923 1.37092 -1.88907 -7.98172 -15.7811 13.1415 -1.43308 14.504 2.28557 8.38699 6.79223 -15.9136 12.4763 3.51873
347 0.60448 0.147696 0.0507162
0.824221 0.602923 1.37092 -1.88907 -7.98172 -15.7811 13.1415 -1.43308 14.504 2.28557 8.38699 6.79223 -15.9136 12.4763 3.51873
348 0.60448 0.172786 0.0533275
0.824221 0.602923 1.37092 -1.88907 -7.98172 -15.7811 13.1415 -1.43308 14.504 2.28557 8.38699 6.79223 -15.9136 12.4763 3.51873
349 0.60448 0.167604 0.0477795
0.824221 0.602923 1.37092 -1.88907 -7.98172 -15.7811 13.1415 -1.43308 14.504 2.28557 8.38699 6.79223 -15.9136 12.4763 3.51873
350 0.60448 0.160499 0.0470406
0.824221 0.602923 1.37092 -1.88907 -7.98172 -15.7811 13.1415 -1.43308 14.504 2.28557 8.38699 6.79223 -15.9136 12.4763 3.51873
351 0.60448 0.1514 0.0487748
0.824221 0.602923 1.37092 -1.88907 -7.98172 -15.7811 13.1415 -1.43308 14.504 2.28557 8.38699 6.79223 -15.9136 12.4763 3.51873
352 0.60448 0.141976 0.0503244
0.824221 0.602923 1.37092 -1.88907 -7.98172 -15.7811 13.1415 -1.43308 14.504 2.28557 8.38699 6.79223 -15.9136 12.4763 3.51873
353 0.60448 0.142708 0.0454288
0.824221 0.602923 1.37092 -1.88907 -7.98172 -15.7811 13.1415 -1.43308 14.504 2.28557 8.38699 6.79223 -15.9136 12.4763 3.51873
354 0.60448 0.12878 0.0461148
0.824221 0.602923 1.37092 -1.88907 -7.98172 -15.7811 13.1415 -1.43308 14.504 2.28557 8.38699 6.79223 -15.9136 12.4763 3.51873
355 0.60448 0.127037 0.0450665
0.824221 0.602923 1.37092 -1.88907 -7.98172 -15.7811 13.1415 -1.43308 14.504 2.28557 8.38699 6.79223 -15.9136 12.4763 3.51873
356 0.60448 0.123734 0.0452516
0.824221 0.602923 1.37092 -1.88907 -7.98172 -15.7811 13.1415 -1.43308 14.504 2.28557 8.38699 6.79223 -15.9136 12.4763 3.51873
357 0.60448 0.127578 0.0453798
0.824221 0.602923 1.37092 -1.88907 -7.98172 -15.7811 13.1415 -1.43308 14.504 2.28557 8.38699 6.79223 -15.9136 12.4763 3.51873
358 0.60448 0.134562 0.0459371
0.824221 0.602923 1.37092 -1.88907 -7.98172 -15.7811 13.1415 -1.43308 14.504 2.28557 8.38699 6.79223 -15.9136 12.4763 3.51873
359 0.60448 0.11466 0.0399332
0.824221 0.602923 1.37092 -1.88907 -7.98172 -15.7811 13.1415 -1.43308 14.504 2.28557 8.38699 6.79223 -15.9136 12.4763 3.51873
360 0.60448 0.124163 0.0441715
0.824221 0.602923 1.37092 -1.88907 -7.98172 -15.7811 13.1415 -1.43308 14.504 2.28557 8.38699 6.79223 -15.9136 12.4763 3.51873
361 0.60448 0.146201 0.0477402
0.824221 0.602923 1.37092 -1.88907 -7.98172 -15.7811 13.1415 -1.43308 14.504 2.28557 8.38699 6.79223 -15.9136 12.4763 3.51873
362 0.60448 0.139255 0.0420822
0.824221 0.602923 1.37092 -1.88907 -7.98172 -15.7811 13.1415 -1.43308 14.504 2.28557 8.38699 6.79223 -15.9136 12.4763 3.51873
363 0.60448 0.171291 0.0505838
0.824221 0.602923 1.37092 -1.88907 -7.98172 -15.7811 13.1415 -1.43308 14.504 2.28557 8.38699 6.79223 -15.9136 12.4763 3.51873
364 0.60448 0.15743 0.0497712
0.824221 0.602923 1.37092 -1.88907 -7.98172 -15.7811 13.1415 -1.43308 14.504 2.28557 8.38699 6.79223 -15.9136 12.4763 3.51873
365 0.60448 0.166583 0.0541977
0.824221 0.602923 1.37092 -1.88907 -7.98172 -15.7811 13.1415 -1.43308 14.504 2.28557 8.38699 6.79223 -15.9136 12.4763 3.51873
366 0.60448 0.12848 0.0449509
0.824221 0.602923 1.37092 -1.88907 -7.98172 -15.7811 13.1415 -1.43308 14.504 2.28557 8.38699 6.79223 -15.9136 12.4763 3.51873
367 0.60448 0.116378 0.0415344
0.824221 0.602923 1.37092 -1.88907 -7.98172 -15.7811 13.1415 -1.43308 14.504 2.28557 8.38699 6.79223 -15.9136 12.4763 3.51873
368 0.60448 0.131932 0.0464569
0.824221 0.602923 1.37092 -1.88907 -7.98172 -15.7811 13.1415 -1.43308 14.504 2.28557 8.38699 6.79223 -15.9136 12.4763 3.51873
369 0.60448 0.14003 0.051538
0.824221 0.602923 1.37092 -1.88907 -7.98172 -15.7811 13.1415 -1.43308 14.504 2.28557 8.38699 6.79223 -15.9136 12.4763 3.51873
370 0.60448 0.11957 0.0445543
0.824221 0.602923 1.37092 -1.88907 -7.98172 -15.7811 13.1415 -1.43308 14.504 2.28557 8.38699 6.79223 -15.9136 12.4763 3.51873
371 0.60448 0.112194 0.0398854
0.824221 0.602923 1.37092 -1.88907 -7.98172 -15.7811 13.1415 -1.43308 14.504 2.28557 8.38699 6.79223 -15.9136 12.4763 3.51873
372 0.60448 0.127282 0.0453286
0.824221 0.602923 1.37092 -1.88907 -7.98172 -15.7811 13.1415 -1.43308 14.504 2.28557 8.38699 6.79223 -15.9136 12.4763 3.51873
373 0.60448 0.108821 0.0391403
0.824221 0.602923 1.37092 -1.88907 -7.98172 -15.7811 13.1415 -1.43308 14.504 2.28557 8.38699 6.79223 -15.9136 12.4763 3.51873
374 0.60448 0.0952216 0.0352914
0.824221 0.602923 1.37092 -1.88907 -7.98172 -15.7811 13.1415 -1.43308 14.504 2.28557 8.38699 6.79223 -15.9136 12.4763 3.51873
375 0.60448 0.120587 0.0397113
0.824221 0.602923 1.37092 -1.88907 -7.98172 -15.7811 13.1415 -1.43308 14.504 2.28557 8.38699 6.79223 -15.9136 12.4763 3.51873
376 0.60448 0.162256 0.0517431
0.824221 0.602923 1.37092 -1.88907 -7.98172 -15.7811 13.1415 -1.43308 14.504 2.28557 8.38699 6.79223 -15.9136 12.4763 3.51873
377 0.60448 0.156662 0.0524852
0.824221 0.602923 1.37092 -1.88907 -7.98172 -15.7811 13.1415 -1.43308 14.504 2.28557 8.38699 6.79223 -15.9136 12.4763 3.51873
378 0.60448 0.172525 0.0528098
0.824221 0.602923 1.37092 -1.88907 -7.98172 -15.7811 13.1415 -1.43308 14.504 2.28557 8.38699 6.79223 -15.9136 12.4763 3.51873
379 0.60448 0.176673 0.0529741
0.824221 0.602923 1.37092 -1.88907 -7.98172 -15.7811 13.1415 -1.43308 14.504 2.28557 8.38699 6.79223 -15.9136 12.4763 3.51873
380 0.60448 0.14671 0.0535307
0.824221 0.602923 1.37092 -1.88907 -7.98172 -15.7811 13.1415 -1.43308 14.504 2.28557 8.38699 6.79223 -15.9136 12.4763 3.51873
381 0.60448 0.147305 0.0496008
0.824221 0.602923 1.37092 -1.88907 -7.98172 -15.7811 13.1415 -1.43308 14.504 2.28557 8.38699 6.79223 -15.9136 12.4763 3.51873
382 0.60448 0.184377 0.061139
0.824221 0.602923 1.37092 -1.88907 -7.98172 -15.7811 13.1415 -1.43308 14.504 2.28557 8.38699 6.79223 -15.9136 12.4763 3.51873
383 0.60448 0.145818 0.0464673
0.824221 0.602923 1.37092 -1.88907 -7.98172 -15.7811 13.1415 -1.43308 14.504 2.28557 8.38699 6.79223 -15.9136 12.4763 3.51873
384 0.60448 0.137559 0.0478576
0.824221 0.602923 1.37092 -1.88907 -7.98172 -15.7811 13.1415 -1.43308 14.504 2.28557 8.38699 6.79223 -15.9136 12.4763 3.51873
385 0.60448 0.134198 0.044807
0.824221 0.602923 1.37092 -1.88907 -7.98172 -15.7811 13.1415 -1.43308 14.504 2.28557 8.38699 6.79223 -15.9136 12.4763 3.51873
386 0.60448 0.128478 0.0483812
0.824221 0.602923 1.37092 -1.88907 -7.98172 -15.7811 13.1415 -1.43308 14.504 2.28557 8.38699 6.79223 -15.9136 12.4763 3.51873
387 0.60448 0.123794 0.0462373
0.824221 0.602923 1.37092 -1.88907 -7.98172 -15.7811 13.1415 -1.43308 14.504 2.28557 8.38699 6.79223 -15.9136 12.4763 3.51873
388 0.60448 0.12087 0.0449863
0.824221 0.602923 1.37092 -1.88907 -7.98172 -15.7811 13.1415 -1.43308 14.504 2.28557 8.38699 6.79223 -15.9136 12.4763 3.51873
389 0.60448 0.124318 0.046316
0.824221 0.602923 1.37092 -1.88907 -7.98172 -15.7811 13.1415 -1.43308 14.504 2.28557 8.38699 6.79223 -15.9136 12.4763 3.51873
390 0.60448 0.12949 0.0450303
0.824221 0.602923 1.37092 -1.88907 -7.98172 -15.7811 13.1415 -1.43308 14.504 2.28557 8.38699 6.79223 -15.9136 12.4763 3.51873
391 0.60448 0.139236 0.0495996
0.824221 0.602923 1.37092 -1.88907 -7.98172 -15.7811 13.1415 -1.43308 14.504 2.28557 8.38699 6.79223 -15.9136 12.4763 3.51873
392 0.60448 0.137279 0.0492684
0.824221 0.602923 1.37092 -1.88907 -7.98172 -15.7811 13.1415 -1.43308 14.504 2.28557 8.38699 6.79223 -15.9136 12.4763 3.51873
393 0.60448 0.139574 0.046815
0.824221 0.602923 1.37092 -1.88907 -7.98172 -15.7811 13.1415 -1.43308 14.504 2.28557 8.38699 6.79223 -15.9136 12.4763 3.51873
394 0.60448 0.147356 0.0480509
0.824221 0.602923 1.37092 -1.88907 -7.98172 -15.7811 13.1415 -1.43308 14.504 2.28557 8.38699 6.79223 -15.9136 12.4763 3.51873
395 0.60448 0.135698 0.0481154
0.824221 0.602923 1.37092 -1.88907 -7.98172 -15.7811 13.1415 -1.43308 14.504 2.28557 8.38699 6.79223 -15.9136 12.4763 3.51873
396 0.60448 0.138701 0.052443
0.824221 0.602923 1.37092 -1.88907 -7.98172 -15.7811 13.1415 -1.43308 14.504 2.28557 8.38699 6.79223 -15.9136 12.4763 3.51873
397 0.60448 0.14944 0.052021
0.824221 0.602923 1.37092 -1.88907 -7.98172 -15.7811 13.1415 -1.43308 14.504 2.28557 8.38699 6.79223 -15.9136 12.4763 3.51873
398 0.60448 0.141635 0.0522214
0.824221 0.602923 1.37092 -1.88907 -7.98172 -15.7811 13.1415 -1.43308 14.504 2.28557 8.38699 6.79223 -15.9136 12.4763 3.51873
399 0.60448 0.126486 0.0445119
0.824221 0.602923 1.37092 -1.88907 -7.98172 -15.7811 13.1415 -1.43308 14.504 2.28557 8.38699 6.79223 -15.9136 12.4763 3.51873
400 0.60448 0.122959 0.0431249
0.824221 0.602923 1.37092 -1.88907 -7.98172 -15.7811 13.1415 -1.43308 14.504 2.28557 8.38699 6.79223 -15.9136 12.4763 3.51873
401 0.60448 0.177093 0.056372
0.824221 0.602923 1.37092 -1.88907 -7.98172 -15.7811 13.1415 -1.43308 14.504 2.28557 8.38699 6.79223 -15.9136 12.4763 3.51873
402 0.60448 0.148553 0.0508419
0.824221 0.602923 1.37092 -1.88907 -7.98172 -15.7811 13.1415 -1.43308 14.504 2.28557 8.38699 6.79223 -15.9136 12.4763 3.51873
403 0.60448 0.12354 0.0407995
0.824221 0.602923 1.37092 -1.88907 -7.98172 -15.7811 13.1415 -1.43308 14.504 2.28557 8.38699 6.79223 -15.9136 12.4763 3.51873
404 0.60448 0.122467 0.0414607
0.824221 0.602923 1.37092 -1.88907 -7.98172 -15.7811 13.1415 -1.43308 14.504 2.28557 8.38699 6.79223 -15.9136 12.4763 3.51873
405 0.60448 0.119827 0.0420365
0.824221 0.602923 1.37092 -1.88907 -7.98172 -15.7811 13.1415 -1.43308 14.504 2.28557 8.38699 6.79223 -15.9136 12.4763 3.51873
406 0.60448 0.122835 0.0439777
0.824221 0.602923 1.37092 -1.88907 -7.98172 -15.7811 13.1415 -1.43308 14.504 2.28557 8.38699 6.79223 -15.9136 12.4763 3.51873
407 0.60448 0.121626 0.0423215
0.824221 0.602923 1.37092 -1.88907 -7.98172 -15.7811 13.1415 -1.43308 14.504 2.28557 8.38699 6.79223 -15.9136 12.4763 3.51873
408 0.60448 0.131078 0.046161
0.824221 0.602923 1.37092 -1.88907 -7.98172 -15.7811 13.1415 -1.43308 14.504 2.28557 8.38699 6.79223 -15.9136 12.4763 3.51873
409 0.60448 0.150325 0.0473748
0.824221 0.602923 1.37092 -1.88907 -7.98172 -15.7811 13.1415 -1.43308 14.504 2.28557 8.38699 6.79223 -15.9136 12.4763 3.51873
410 0.60448 0.131823 0.0426201
0.824221 0.602923 1.37092 -1.88907 -7.98172 -15.7811 13.1415 -1.43308 14.504 2.28557 8.38699 6.79223 -15.9136 12.4763 3.51873
411 0.60448 0.146165 0.047562
0.824221 0.602923 1.37092 -1.88907 -7.98172 -15.7811 13.1415 -1.43308 14.504 2.28557 8.38699 6.79223 -15.9136 12.4763 3.51873
412 0.60448 0.169399 0.0487805
0.824221 0.602923 1.37092 -1.88907 -7.98172 -15.7811 13.1415 -1.43308 14.504 2.28557 8.38699 6.79223 -15.9136 12.4763 3.51873
413 0.60448 0.143821 0.0448527
0.824221 0.602923 1.37092 -1.88907 -7.98172 -15.7811 13.1415 -1.43308 14.504 2.28557 8.38699 6.79223 -15.9136 12.4763 3.51873
414 0.60448 0.121129 0.046058
0.824221 0.602923 1.37092 -1.88907 -7.98172 -15.7811 13.1415 -1.43308 14.504 2.28557 8.38699 6.79223 -15.9136 12.4763 3.51873
415 0.60448 0.12313 0.0466299
0.824221 0.602923 1.37092 -1.88907 -7.98172 -15.7811 13.1415 -1.43308 14.504 2.28557 8.38699 6.79223 -15.9136 12.4763 3.51873
416 0.60448 0.167413 0.054213
0.824221 0.602923 1.37092 -1.88907 -7.98172 -15.7811 13.1415 -1.43308 14.504 2.28557 8.38699 6.79223 -15.9136 12.4763 3.51873
417 0.60448 0.207401 0.0614019
0.824221 0.602923 1.37092 -1.88907 -7.98172 -15.7811 13.1415 -1.43308 14.504 2.28557 8.38699 6.79223 -15.9136 12.4763 3.51873
418 0.60448 0.154446 0.0493289
0.824221 0.602923 1.37092 -1.88907 -7.98172 -15.7811 13.1415 -1.43308 14.504 2.28557 8.38699 6.79223 -15.9136 12.4763 3.51873
419 0.60448 0.157909 0.0522853
0.824221 0.602923 1.37092 -1.88907 -7.98172 -15.7811 13.1415 -1.43308 14.504 2.28557 8.38699 6.79223 -15.9136 12.4763 3.51873
420 0.60448 0.149523 0.0514241
0.824221 0.602923 1.37092 -1.88907 -7.98172 -15.7811 13.1415 -1.43308 14.504 2.28557 8.38699 6.79223 -15.9136 12.4763 3.51873
421 0.60448 0.174568 0.0539808
0.824221 0.602923 1.37092 -1.88907 -7.98172 -15.7811 13.1415 -1.43308 14.504 2.28557 8.38699 6.79223 -15.9136 12.4763 3.51873
422 0.60448 0.163241 0.0504805
0.824221 0.602923 1.37092 -1.88907 -7.98172 -15.7811 13.1415 -1.43308 14.504 2.28557 8.38699 6.79223 -15.9136 12.4763 3.51873
423 0.60448 0.142712 0.0473687
0.824221 0.602923 1.37092 -1.88907 -7.98172 -15.7811 13.1415 -1.43308 14.504 2.28557 8.38699 6.79223 -15.9136 12.4763 3.51873
424 0.60448 0.109684 0.0424919
0.824221 0.602923 1.37092 -1.88907 -7.98172 -15.7811 13.1415 -1.43308 14.504 2.28557 8.38699 6.79223 -15.9136 12.4763 3.51873
425 0.60448 0.145236 0.0486102
0.824221 0.602923 1.37092 -1.88907 -7.98172 -15.7811 13.1415 -1.43308 14.504 2.28557 8.38699 6.79223 -15.9136 12.4763 3.51873
426 0.60448 0.138281 0.0457848
0.824221 0.602923 1.37092 -1.88907 -7.98172 -15.7811 13.1415 -1.43308 14.504 2.28557 8.38699 6.79223 -15.9136 12.4763 3.51873
427 0.60448 0.132538 0.0413827
0.824221 0.602923 1.37092 -1.88907 -7.98172 -15.7811 13.1415 -1.43308 14.504 2.28557 8.38699 6.79223 -15.9136 12.4763 3.51873
428 0.60448 0.111133 0.0371711
0.824221 0.602923 1.37092 -1.88907 -7.98172 -15.7811 13.1415 -1.43308 14.504 2.28557 8.38699 6.79223 -15.9136 12.4763 3.51873
429 0.60448 0.105692 0.0380277
0.824221 0.602923 1.37092 -1.88907 -7.98172 -15.7811 13.1415 -1.43308 14.504 2.28557 8.38699 6.79223 -15.9136 12.4763 3.51873
430 0.60448 0.139775 0.0407916
0.824221 0.602923 1.37092 -1.88907 -7.98172 -15.7811 13.1415 -1.43308 14.504 2.28557 8.38699 6.79223 -15.9136 12.4763 3.51873
431 0.60448 0.157751 0.0533161
0.824221 0.602923 1.37092 -1.88907 -7.98172 -15.7811 13.1415 -1.43308 14.504 2.28557 8.38699 6.79223 -15.9136 12.4763 3.51873
432 0.60448 0.148439 0.0487011
0.824221 0.602923 1.37092 -1.88907 -7.98172 -15.7811 13.1415 -1.43308 14.504 2.28557 8.38699 6.79223 -15.9136 12.4763 3.51873
433 0.60448 0.150645 0.0485558
0.824221 0.602923 1.37092 -1.88907 -7.98172 -15.7811 13.1415 -1.43308 14.504 2.28557 8.38699 6.79223 -15.9136 12.4763 3.51873
434 0.60448 0.175074 0.0489227
0.824221 0.602923 1.37092 -1.88907 -7.98172 -15.7811 13.1415 -1.43308 14.504 2.28557 8.38699 6.79223 -15.9136 12.4763 3.51873
435 0.60448 0.146511 0.0486518
0.824221 0.602923 1.37092 -1.88907 -7.98172 -15.7811 13.1415 -1.43308 14.504 2.28557 8.38699 6.79223 -15.9136 12.4763 3.51873
436 0.60448 0.164458 0.0501467
0.824221 0.602923 1.37092 -1.88907 -7.98172 -15.7811 13.1415 -1.43308 14.504 2.28557 8.38699 6.79223 -15.9136 12.4763 3.51873
437 0.60448 0.150787 0.0458059
0.824221 0.602923 1.37092 -1.88907 -7.98172 -15.7811 13.1415 -1.43308 14.504 2.28557 8.38699 6.79223 -15.9136 12.4763 3.51873
438 0.60448 0.149209 0.045018
0.824221 0.602923 1.37092 -1.88907 -7.98172 -15.7811 13.1415 -1.43308 14.504 2.28557 8.38699 6.79223 -15.9136 12.4763 3.51873
439 0.60448 0.118186 0.0407075
0.824221 0.602923 1.37092 -1.88907 -7.98172 -15.7811 13.1415 -1.43308 14.504 2.28557 8.38699 6.79223 -15.9136 12.4763 3.51873
440 0.60448 0.149008 0.0435758
0.824221 0.602923 1.37092 -1.88907 -7.98172 -15.7811 13.1415 -1.43308 14.504 2.28557 8.38699 6.79223 -15.9136 12.4763 3.51873
441 0.60448 0.168537 0.0464239
0.824221 0.602923 1.37092 -1.88907 -7.98172 -15.7811 13.1415 -1.43308 14.504 2.28557 8.38699 6.79223 -15.9136 12.4763 3.51873
442 0.60448 0.155875 0.0459237
0.824221 0.602923 1.37092 -1.88907 -7.98172 -15.7811 13.1415 -1.43308 14.504 2.28557 8.38699 6.79223 -15.9136 12.4763 3.51873
443 0.60448 0.161212 0.0470204
0.824221 0.602923 1.37092 -1.88907 -7.98172 -15.7811 13.1415 -1.43308 14.504 2.28557 8.38699 6.79223 -15.9136 12.4763 3.51873
444 0.60448 0.180856 0.0538533
0.824221 0.602923 1.37092 -1.88907 -7.98172 -15.7811 13.1415 -1.43308 14.504 2.28557 8.38699 6.79223 -15.9136 12.4763 3.51873
445 0.60448 0.147797 0.0459293
0.824221 0.602923 1.37092 -1.88907 -7.98172 -15.7811 13.1415 -1.43308 14.504 2.28557 8.38699 6.79223 -15.9136 12.4763 3.51873
446 0.60448 0.127747 0.0420468
0.824221 0.602923 1.37092 -1.88907 -7.98172 -15.7811 13.1415 -1.43308 14.504 2.28557 8.38699 6.79223 -15.9136 12.4763 3.51873
447 0.60448 0.173743 0.0490135
0.824221 0.602923 1.37092 -1.88907 -7.98172 -15.7811 13.1415 -1.43308 14.504 2.28557 8.38699 6.79223 -15.9136 12.4763 3.51873
448 0.60448 0.146563 0.0477462
0.824221 0.602923 1.37092 -1.88907 -7.98172 -15.7811 13.1415 -1.43308 14.504 2.28557 8.38699 6.79223 -15.9136 12.4763 3.51873
449 0.60448 0.146411 0.0508175
0.824221 0.602923 1.37092 -1.88907 -7.98172 -15.7811 13.1415 -1.43308 14.504 2.28557 8.38699 6.79223 -15.9136 12.4763 3.51873
450 0.60448 0.144428 0.0422163
0.824221 0.602923 1.37092 -1.88907 -7.98172 -15.7811 13.1415 -1.43308 14.504 2.28557 8.38699 6.79223 -15.9136 12.4763 3.51873
451 0.60448 0.126968 0.0424279
0.824221 0.602923 1.37092 -1.88907 -7.98172 -15.7811 13.1415 -1.43308 14.504 2.28557 8.38699 6.79223 -15.9136 12.4763 3.51873
452 0.60448 0.137714 0.0478844
0.824221 0.602923 1.37092 -1.88907 -7.98172 -15.7811 13.1415 -1.43308 14.504 2.28557 8.38699 6.79223 -15.9136 12.4763 3.51873
453 0.60448 0.139833 0.046169
0.824221 0.602923 1.37092 -1.88907 -7.98172 -15.7811 13.1415 -1.43308 14.504 2.28557 8.38699 6.79223 -15.9136 12.4763 3.51873
454 0.60448 0.140921 0.0480267
0.824221 0.602923 1.37092 -1.88907 -7.98172 -15.7811 13.1415 -1.43308 14.504 2.28557 8.38699 6.79223 -15.9136 12.4763 3.51873
455 0.60448 0.110095 0.0380336
0.824221 0.602923 1.37092 -1.88907 -7.98172 -15.7811 13.1415 -1.43308 14.504 2.28557 8.38699 6.79223 -15.9136 12.4763 3.51873
456 0.60448 0.126238 0.0404742
0.824221 0.602923 1.37092 -1.88907 -7.98172 -15.7811 13.1415 -1.43308 14.504 2.28557 8.38699 6.79223 -15.9136 12.4763 3.51873
457 0.60448 0.116043 0.0409726
0.824221 0.602923 1.37092 -1.88907 -7.98172 -15.7811 13.1415 -1.43308 14.504 2.28557 8.38699 6.79223 -15.9136 12.4763 3.51873
458 0.60448 0.10594 0.0363639
0.824221 0.602923 1.37092 -1.88907 -7.98172 -15.7811 13.1415 -1.43308 14.504 2.28557 8.38699 6.79223 -15.9136 12.4763 3.51873
459 0.60448 0.13338 0.0459001
0.824221 0.602923 1.37092 -1.88907 -7.98172 -15.7811 13.1415 -1.43308 14.504 2.28557 8.38699 6.79223 -15.9136 12.4763 3.51873
460 0.60448 0.133772 0.0407295
0.824221 0.602923 1.37092 -1.88907 -7.98172 -15.7811 13.1415 -1.43308 14.504 2.28557 8.38699 6.79223 -15.9136 12.4763 3.51873
461 0.60448 0.179705 0.0550536
0.824221 0.602923 1.37092 -1.88907 -7.98172 -15.7811 13.1415 -1.43308 14.504 2.28557 8.38699 6.79223 -15.9136 12.4763 3.51873
462 0.60448 0.129499 0.0401454
0.824221 0.602923 1.37092 -1.88907 -7.98172 -15.7811 13.1415 -1.43308 14.504 2.28557 8.38699 6.79223 -15.9136 12.4763 3.51873
463 0.60448 0.134147 0.0406544
0.824221 0.602923 1.37092 -1.88907 -7.98172 -15.7811 13.1415 -1.43308 14.504 2.28557 8.38699 6.79223 -15.9136 12.4763 3.51873
464 0.60448 0.172148 0.0526418
0.824221 0.602923 1.37092 -1.88907 -7.98172 -15.7811 13.1415 -1.43308 14.504 2.28557 8.38699 6.79223 -15.9136 12.4763 3.51873
465 0.60448 0.152229 0.0496067
0.824221 0.602923 1.37092 -1.88907 -7.98172 -15.7811 13.1415 -1.43308 14.504 2.28557 8.38699 6.79223 -15.9136 12.4763 3.51873
466 0.60448 0.137162 0.0456341
0.824221 0.602923 1.37092 -1.88907 -7.98172 -15.7811 13.1415 -1.43308 14.504 2.28557 8.38699 6.79223 -15.9136 12.4763 3.51873
467 0.60448 0.145173 0.0520254
0.824221 0.602923 1.37092 -1.88907 -7.98172 -15.7811 13.1415 -1.43308 14.504 2.28557 8.38699 6.79223 -15.9136 12.4763 3.51873
468 0.60448 0.139139 0.0437765
0.824221 0.602923 1.37092 -1.88907 -7.98172 -15.7811 13.1415 -1.43308 14.504 2.28557 8.38699 6.79223 -15.9136 12.4763 3.51873
469 0.60448 0.137847 0.0436641
0.824221 0.602923 1.37092 -1.88907 -7.98172 -15.7811 13.1415 -1.43308 14.504 2.28557 8.38699 6.79223 -15.9136 12.4763 3.51873
470 0.60448 0.126612 0.0436142
0.824221 0.602923 1.37092 -1.88907 -7.98172 -15.7811 13.1415 -1.43308 14.504 2.28557 8.38699 6.79223 -15.9136 12.4763 3.51873
471 0.60448 0.144136 0.0467272
0.824221 0.602923 1.37092 -1.88907 -7.98172 -15.7811 13.1415 -1.43308 14.504 2.28557 8.38699 6.79223 -15.9136 12.4763 3.51873
472 0.60448 0.0933184 0.0348072
0.824221 0.602923 1.37092 -1.88907 -7.98172 -15.7811 13.1415 -1.43308 14.504 2.28557 8.38699 6.79223 -15.9136 12.4763 3.51873
473 0.60448 0.127476 0.0439801
0.824221 0.602923 1.37092 -1.88907 -7.98172 -15.7811 13.1415 -1.43308 14.504 2.28557 8.38699 6.79223 -15.9136 12.4763 3.51873
474 0.60448 0.144479 0.047126
0.824221 0.602923 1.37092 -1.88907 -7.98172 -15.7811 13.1415 -1.43308 14.504 2.28557 8.38699 6.79223 -15.9136 12.4763 3.51873
475 0.60448 0.16039 0.0521005
0.824221 0.602923 1.37092 -1.88907 -7.98172 -15.7811 13.1415 -1.43308 14.504 2.28557 8.38699 6.79223 -15.9136 12.4763 3.51873
476 0.60448 0.143913 0.0480011
0.824221 0.602923 1.37092 -1.88907 -7.98172 -15.7811 13.1415 -1.43308 14.504 2.28557 8.38699 6.79223 -15.9136 12.4763 3.51873
477 0.60448 0.145584 0.0491725
0.824221 0.602923 1.37092 -1.88907 -7.98172 -15.7811 13.1415 -1.43308 14.504 2.28557 8.38699 6.79223 -15.9136 12.4763 3.51873
478 0.60448 0.110801 0.0376217
0.824221 0.602923 1.37092 -1.88907 -7.98172 -15.7811 13.1415 -1.43308 14.504 2.28557 8.38699 6.79223 -15.9136 12.4763 3.51873
479 0.60448 0.13409 0.0406631
0.824221 0.602923 1.37092 -1.88907 -7.98172 -15.7811 13.1415 -1.43308 14.504 2.28557 8.38699 6.79223 -15.9136 12.4763 3.51873
480 0.60448 0.152773 0.0473144
0.824221 0.602923 1.37092 -1.88907 -7.98172 -15.7811 13.1415 -1.43308 14.504 2.28557 8.38699 6.79223 -15.9136 12.4763 3.51873
481 0.60448 0.153977 0.0467931
0.824221 0.602923 1.37092 -1.88907 -7.98172 -15.7811 13.1415 -1.43308 14.504 2.28557 8.38699 6.79223 -15.9136 12.4763 3.51873
482 0.60448 0.112756 0.0379429
0.824221 0.602923 1.37092 -1.88907 -7.98172 -15.7811 13.1415 -1.43308 14.504 2.28557 8.38699 6.79223 -15.9136 12.4763 3.51873
483 0.60448 0.110631 0.0378684
0.824221 0.602923 1.37092 -1.88907 -7.98172 -15.7811 13.1415 -1.43308 14.504 2.28557 8.38699 6.79223 -15.9136 12.4763 3.51873
484 0.60448 0.124838 0.0459146
0.824221 0.602923 1.37092 -1.88907 -7.98172 -15.7811 13.1415 -1.43308 14.504 2.28557 8.38699 6.79223 -15.9136 12.4763 3.51873
485 0.60448 0.134083 0.0469479
0.824221 0.602923 1.37092 -1.88907 -7.98172 -15.7811 13.1415 -1.43308 14.504 2.28557 8.38699 6.79223 -15.9136 12.4763 3.51873
486 0.60448 0.138974 0.0512361
0.824221 0.602923 1.37092 -1.88907 -7.98172 -15.7811 13.1415 -1.43308 14.504 2.28557 8.38699 6.79223 -15.9136 12.4763 3.51873
487 0.60448 0.150831 0.0533282
0.824221 0.602923 1.37092 -1.88907 -7.98172 -15.7811 13.1415 -1.43308 14.504 2.28557 8.38699 6.79223 -15.9136 12.4763 3.51873
488 0.60448 0.1456 0.0512403
0.824221 0.602923 1.37092 -1.88907 -7.98172 -15.7811 13.1415 -1.43308 14.504 2.28557 8.38699 6.79223 -15.9136 12.4763 3.51873
489 0.60448 0.142772 0.0485177
0.824221 0.602923 1.37092 -1.88907 -7.98172 -15.7811 13.1415 -1.43308 14.504 2.28557 8.38699 6.79223 -15.9136 12.4763 3.51873
490 0.60448 0.159756 0.0511119
0.824221 0.602923 1.37092 -1.88907 -7.98172 -15.7811 13.1415 -1.43308 14.504 2.28557 8.38699 6.79223 -15.9136 12.4763 3.51873
491 0.60448 0.12665 0.0415216
0.824221 0.602923 1.37092 -1.88907 -7.98172 -15.7811 13.1415 -1.43308 14.504 2.28557 8.38699 6.79223 -15.9136 12.4763 3.51873
492 0.60448 0.120469 0.037424
0.824221 0.602923 1.37092 -1.88907 -7.98172 -15.7811 13.1415 -1.43308 14.504 2.28557 8.38699 6.79223 -15.9136 12.4763 3.51873
493 0.60448 0.107369 0.0356987
0.824221 0.602923 1.37092 -1.88907 -7.98172 -15.7811 13.1415 -1.43308 14.504 2.28557 8.38699 6.79223 -15.9136 12.4763 3.51873
494 0.60448 0.0925009 0.0349119
0.824221 0.602923 1.37092 -1.88907 -7.98172 -15.7811 13.1415 -1.43308 14.504 2.28557 8.38699 6.79223 -15.9136 12.4763 3.51873
495 0.60448 0.0943763 0.0365471
0.824221 0.602923 1.37092 -1.88907 -7.98172 -15.7811 13.1415 -1.43308 14.504 2.28557 8.38699 6.79223 -15.9136 12.4763 3.51873
496 0.60448 0.120294 0.0422782
0.824221 0.602923 1.37092 -1.88907 -7.98172 -15.7811 13.1415 -1.43308 14.504 2.28557 8.38699 6.79223 -15.9136 12.4763 3.51873
497 0.60448 0.123844 0.0449068
0.824221 0.602923 1.37092 -1.88907 -7.98172 -15.7811 13.1415 -1.43308 14.504 2.28557 8.38699 6.79223 -15.9136 12.4763 3.51873
498 0.60448 0.113486 0.0378249
0.824221 0.602923 1.37092 -1.88907 -7.98172 -15.7811 13.1415 -1.43308 14.504 2.28557 8.38699 6.79223 -15.9136 12.4763 3.51873
499 0.60448 0.124832 0.0379854
0.824221 0.602923 1.37092 -1.88907 -7.98172 -15.7811 13.1415 -1.43308 14.504 2.28557 8.38699 6.79223 -15.9136 12.4763 3.51873
500 0.60448 0.145305 0.0426894
0.824221 0.602923 1.37092 -1.88907 -7.98172 -15.7811 13.1415 -1.43308 14.504 2.28557 8.38699 6.79223 -15.9136 12.4763 3.51873
