0.05
0 0 -0.0938177

5.01455
0 0 0.229489

0.05
-0.0383465 0 0.18546

0
-0.0771149 0 -0.00838287

0
0.0791051 0 -0.0381534

2.74159
0 0 0.015842

0
0.0790041 0 -0.044212

0
-0.0302208 0 -0.0544372

0.735147
0 0 -0.215537

0.959693
0 0 0.0625193

0.898466
0 0 -0.215404

0
0.0478932 0 0.00995465

0.25
0 0 -0.0676381

0.766176
0 0 -0.19158

0.766176
0 0 0.18211

0.05
0 0 -0.169954

0.6859
0 0 0.126711

0.786748
0 0 0.0388925

0
0 0 0.0738879

0
-0.145529 0 0.110891

6.04955
0 0 -0.112476

5.01455
0 0 -0.148556

0.69273
0 0 -0.0675829

0.714845
0 0 -0.196647

1.60936
0 0 0.162663

0.698903
0 0 0.194973

0.705174
0 0 0.114677

1.58637
0 0 -0.0913548

0
0.0578016 0 0.000842499

1.27596
0 0 -0.162953

2.24103
0 0 -0.0732278

0.774713
0 0 -0.114489

0.714845
0 0 0.000519785

0.92534
0 0 0.142788

0.05
0 0 -0.171719

0
0.0449129 0 0.012304

0.682462
0 0 -0.193407

0.680147
0 0 -0.206243

0.698903
0 0 -0.162032

0
-0.124848 0 0.0579729

0.698903
0 0 0.247218

0.1
0 0 0.0878589

0.05
0 0 -0.109386

0
-0.136932 0 0.197797

0
-0.117198 0 0.0438587

0.857149
0 0 0.060986

0
-0.143969 0 0.105327

0
-0.0675246 0 -0.0193457

0
-0.0260699 0 -0.0576841

0
0.016643 0 -0.187309

