0.880784
-0.126337 0 -0.0428326

0.25
-0.38391 0 0.183319

0.879757
0.371016 0 -0.150038

0.880784
0.285933 0 -0.286884

0.880784
0.430892 0 -0.320371

0.880784
0.0973606 0 -0.191904

0.880784
-0.171811 0 0.281483

0
5.8601e-08 0 -4.21135e-08

0.879757
0.268442 0 -0.279305

0.880784
-0.430757 0 0.234309

0.25
0.139597 0 -0.215625

0.88236
0.419984 0 -0.329962

0.880784
0.194078 0 -0.24407

0.879757
0.43084 0 -0.310025

0.880784
-0.345471 0 0.311934

0.879757
0.401142 0 -0.217049

0.88236
-0.473306 0 0.30594

0.879757
-0.0945708 0 0.260318

0.25
-0.473726 0 0.304033

0.879757
0.419865 0 -0.329989

0.879757
0.104571 0 0.168609

0
-1.6459e-07 0 2.88403e-08

0.877939
-0.189468 0 0.00688748

0.88236
-0.0354409 0 0.239676

0.880784
-0.0396226 0 0.241437

