0.412488
-0.0797687 0 0.0934617

0.411837
-0.100688 0 0.103104

0.411837
-0.0935015 0 0.0998062

0.412421
-0.0736314 0 0.0906023

0.412129
-0.277296 0 0.120432

0.412421
0.0126951 0 0.0480773

0.412421
-0.0245915 0 0.0670259

0.412421
-0.105701 0 0.1054

0.411837
-0.0546149 0 0.0816241

0.411837
-0.116139 0 0.110175

0.412129
-0.209823 0 0.120611

0.412129
0.471105 0 -0.399778

0.412421
0.0373784 0 0.0349829

0.412421
0.0900361 0 0.00539372

0.412129
-0.106739 0 0.105876

0.411837
-0.0101161 0 0.0597829

0.412629
-0.0828833 0 0.0949067

0.412129
-0.115696 0 0.109973

0.412488
0.134479 0 -0.0215948

0.412129
-0.0671605 0 0.0875683

0.412129
-0.117355 0 0.110729

0.412421
-0.0961835 0 0.101038

0.412629
-0.00458358 0 0.0569773

0.411837
-0.151657 0 0.119361

0.412129
0.0195576 0 0.0444828

0.411837
-0.113701 0 0.109061

0.411837
0.495887 0 -0.520484

0.412129
0.0533904 0 0.0262344

0.411837
-0.119634 0 0.111763

0.411837
-0.0417939 0 0.0754575

0.412629
0.0186045 0 0.0449842

0.412629
0.38147 0 -0.233999

0.412421
-0.0461522 0 0.0775646

0.411837
-0.116716 0 0.110438

0.412629
0.507129 0 -0.663206

0.412488
-0.250823 0 0.120592

0.412421
-0.115203 0 0.109747

0.412421
0.0317798 0 0.0379937

0.411837
-0.0476428 0 0.0782827

0.412629
-0.385001 0 0.118672

0.412129
-0.172033 0 0.120161

0.412629
-0.359307 0 0.1193

0.412421
-0.0729352 0 0.0902769

0.412421
-0.0769565 0 0.0921536

0.412421
-0.168609 0 0.120073

0.412421
-0.117509 0 0.110799

0.412129
0.256654 0 -0.108774

0.412129
0.200241 0 -0.0657227

0.412488
-0.0322309 0 0.0707932

0.412129
-0.0203516 0 0.0649187

