0
1.33225e-11 0 -6.66128e-12

0
6.66123e-12 0 9.93428e-13

1.19466
0.278696 0 -0.185729

0
1.33225e-11 0 -6.66128e-12

0
1.33225e-11 0 -6.66128e-12

0
1.33225e-11 0 -3.43514e-12

0
-6.66128e-12 0 1.17947e-11

0
6.66123e-12 0 -4.84057e-14

0
1.33225e-11 0 -3.43514e-12

1.18178
0.29821 0 -0.0734386

0
1.33225e-11 0 -3.43769e-12

0
6.66123e-12 0 2.85832e-12

0
6.66123e-12 0 5.90805e-12

0
1.33225e-11 0 -3.43769e-12

0
1.33225e-11 0 -6.66128e-12

0
1.33225e-11 0 -3.43514e-12

0
6.66123e-12 0 1.02545e-11

0
6.66123e-12 0 9.74487e-12

0
1.33225e-11 0 -3.43769e-12

0
6.66123e-12 0 -2.24093e-12

0
6.66123e-12 0 4.24993e-12

1.18178
-0.106003 0 0.253849

0
1.33225e-11 0 -3.43769e-12

0
1.33225e-11 0 -3.43514e-12

0
1.33225e-11 0 -3.43769e-12

0
1.33225e-11 0 -3.43769e-12

0
6.66123e-12 0 3.36448e-12

0
1.33225e-11 0 -3.43769e-12

0
6.66123e-12 0 -1.60433e-12

0
1.33225e-11 0 -3.43514e-12

0
6.66123e-12 0 -1.3603e-12

0
1.33225e-11 0 -3.43769e-12

0
1.33225e-11 0 -3.43769e-12

0
1.33225e-11 0 -3.43769e-12

0
6.66123e-12 0 3.33505e-12

0
1.33225e-11 0 -3.43514e-12

1.19466
-0.443364 0 0.307101

0
1.33225e-11 0 -3.43514e-12

0
1.33225e-11 0 -3.43769e-12

1.17546
0.258058 0 -0.177084

0
1.33225e-11 0 -3.43769e-12

0
6.66123e-12 0 -4.37272e-12

0
6.66123e-12 0 3.33544e-12

0
1.33225e-11 0 -3.43514e-12

0
6.66123e-12 0 -3.31835e-12

0
1.33225e-11 0 -3.43769e-12

0
1.33225e-11 0 -3.43514e-12

0
6.66123e-12 0 7.62779e-12

0
1.33225e-11 0 -3.43769e-12

1.18178
0.269683 0 -0.181842

0
-6.66128e-12 0 2.3031e-12

0
1.33225e-11 0 -3.43769e-12

0
6.66123e-12 0 2.12247e-12

0
1.33225e-11 0 -6.66128e-12

1.17546
0.198467 0 0.103283

0
1.33225e-11 0 -3.43514e-12

0
6.66123e-12 0 6.08097e-12

0
-6.66128e-12 0 1.60416e-12

0
1.33225e-11 0 -3.43769e-12

0
6.66123e-12 0 2.50211e-12

0
6.66123e-12 0 4.74876e-12

1.18846
0.324997 0 -0.205843

0
-6.66128e-12 0 1.17943e-11

1.17546
-0.00179038 0 0.222718

0
6.66123e-12 0 -2.31626e-12

0
-6.66128e-12 0 1.1803e-11

1.19466
0.274463 0 -0.00956416

0
1.33225e-11 0 -3.43769e-12

0
-6.66128e-12 0 1.1217e-11

1.19466
-0.557933 0 0.309421

1.19104
0.25644 0 0.0259561

0
1.33225e-11 0 -3.43769e-12

1.18178
-0.331574 0 0.295049

0
-6.66128e-12 0 4.37306e-12

0
1.33225e-11 0 -4.71184e-12

0
1.33225e-11 0 -3.43769e-12

0
-1.33226e-11 0 6.66101e-12

0
6.66123e-12 0 -9.65272e-12

0
6.66123e-12 0 5.17364e-14

0
1.33225e-11 0 -3.43769e-12

0
1.33225e-11 0 -6.66128e-12

0
1.33225e-11 0 -3.43769e-12

0
1.33225e-11 0 -3.43769e-12

1.18846
0.293364 0 -0.192721

1.18178
0.269503 0 -0.181767

1.18178
-0.526181 0 0.311436

0
1.33225e-11 0 -3.43769e-12

0
1.33225e-11 0 -4.70834e-12

0
1.33225e-11 0 -3.43769e-12

0
1.33225e-11 0 -3.43514e-12

0
6.66123e-12 0 6.13398e-13

0
6.66123e-12 0 6.7818e-12

0
1.33225e-11 0 -3.43769e-12

