0.25
-0.546418 -0.199047 0.236512

0
0.24063 -0.159383 0.0401293

0
0.329307 -0.0834775 -0.0574285

0.25
-0.202806 0.792918 -0.16826

0
0.23722 -0.160901 0.0424697

0
0.310291 -0.108947 -0.0227108

0.412996
0.167038 -0.160133 -0.0853494

0
0.323615 -0.0920523 -0.0443177

0.05
-0.431948 -0.19932 0.235057

0.25
-0.63788 0.686684 0.207493

0
-0.103228 -0.160586 0.0972825

0
-0.142817 -0.13575 0.0929682

0
0.0122119 -0.165491 0.078051

0
0.325112 -0.0898976 -0.0472224

0.25
0.162911 -0.18988 -0.000998158

0
-0.119614 -0.152616 0.0955482

0.437882
-0.460906 -0.199609 0.23551

0.429739
-0.103337 -0.198538 0.187274

0.05
-0.313749 -0.197512 0.215778

0
-0.0460806 -0.170169 0.0951181

