0
1.16542e-11 0 6.6388e-12

0
1.16585e-11 0 6.63836e-12

0
7.46886e-12 0 6.63325e-12

0.811808
-0.522972 0 0.462201

0
1.00323e-11 0 6.63591e-12

0
1.16585e-11 0 6.63858e-12

0
1.16598e-11 0 6.63614e-12

0.811808
0.369764 0 -0.214355

0
1.16563e-11 0 6.63836e-12

0.813848
0.028362 0 0.129677

0.811808
0.373548 0 -0.331382

0.811808
0.0158337 0 0.136589

0
-8.22398e-13 0 6.63947e-12

0
1.16585e-11 0 6.63836e-12

0
-6.04294e-13 0 6.62681e-12

0
1.16542e-11 0 6.6388e-12

0.811808
0.407431 0 -0.415804

0
1.12833e-11 0 6.63347e-12

0
1.16585e-11 0 6.63836e-12

0
1.16585e-11 0 6.6388e-12

0
1.16598e-11 0 6.63725e-12

0
1.16585e-11 0 6.63858e-12

0
1.09546e-11 0 6.6388e-12

0
1.16585e-11 0 6.6388e-12

0.811808
0.12168 0 0.0744995

