0.05
-0.0203177 0 0.0290664

0.05
-0.0264515 0 0.123413

0.79756
0.282275 0 -0.263884

0.05
-0.0264927 0 0.131281

0.05
-0.0253836 0 0.0876745

0.762954
-0.476566 0 0.412639

0.05
0.070329 0 -0.32025

0.05
-0.0203007 0 0.0289272

0.05
-0.0210936 0 0.0356252

0.05
0.114367 0 -0.4261

0.05
-0.0262005 0 0.10911

0.05
0.0918774 0 -0.376449

0.05
-0.0243451 0 0.0706527

0.780076
-0.537215 0 0.406932

0.05
-0.0264825 0 0.136643

0.05
-0.0196 0 0.0233551

0.05
0.0249969 0 -0.180881

0.05
0.0237193 0 -0.0686979

0.820094
-0.333033 0 0.228049

0.05
-0.0256811 0 0.171833

0.05
0.0059169 0 0.0692277

0.05
-0.10311 0 0.351785

0.748516
0.29726 0 -0.431912

0.05
-0.0264569 0 0.140416

0.05
-0.0133436 0 -0.0177295

