0
0.112044 0.161526 -0.0283655

0
0.0935583 0.198892 -0.141427

0
0.111833 0.186941 -0.0378009

0
0.12485 0.197536 -0.0981

0
0.124109 0.197861 -0.104932

0
0.156538 0.0827852 -0.0576178

0
0.124854 0.197494 -0.0973856

0.1
0.394261 -0.589771 -0.339326

0
0.115645 0.153016 -0.0308481

0.832855
-0.433542 -0.58348 0.2445

0.15
0.218598 -0.795274 0.238443

0
0.112038 0.161565 -0.0283677

0
0.0847871 0.198923 -0.143325

0.1
0.383835 -0.474814 -0.27463

0
0.119799 0.19837 -0.11904

0
0.105852 0.198781 -0.135581

0
0.132578 0.122622 -0.0433659

0
0.109923 0.168306 -0.0273508

0
0.10911 0.179762 -0.0299734

0
0.161249 0.0744999 -0.0597555

